1 5 15 89.442719 16 408.814139 20 186.560982 21 362.829161 23 424.222819 
2 6 7 91.438504 15 61.131007 20 124.907966 29 267.977611 32 215.425161 33 234.471747 
3 5 8 265.836416 22 122.482652 24 218.403297 36 103.310212 39 133.958949 
4 4 11 657.863968 16 487.230951 17 596.396680 23 529.320319 
5 5 13 134.134261 15 62.096699 16 367.241065 17 482.196018 35 96.648849 
6 4 14 303.001650 19 401.014962 31 349.542558 38 243.082291 
7 6 2 91.438504 20 135.959553 27 170.762994 33 200.810856 36 103.174609 39 99.764723 
8 4 3 265.836416 10 357.807211 22 163.526756 24 254.699823 
9 5 18 356.609030 26 337.557403 27 220.102249 29 404.105184 33 229.368699 
10 3 8 357.807211 21 367.001362 22 200.601595 
11 2 4 657.863968 23 543.183210 
12 3 18 406.773893 26 371.052557 27 270.800665 
13 3 5 134.134261 30 54.781384 35 87.321246 
14 6 6 303.001650 19 413.494861 25 146.509385 32 311.448230 34 463.001080 38 213.925221 
15 8 1 89.442719 2 61.131007 5 62.096699 16 367.241065 20 124.907966 25 122.413235 32 178.101095 35 85.988371 
16 6 1 408.814139 4 487.230951 5 367.241065 15 367.241065 17 545.442939 23 435.114927 
17 3 4 596.396680 5 482.196018 16 545.442939 
18 5 9 356.609030 12 406.773893 26 383.103119 29 404.934563 40 644.027950 
19 5 6 401.014962 14 413.494861 31 361.424958 34 536.828651 37 607.921048 
20 7 1 186.560982 2 124.907966 7 135.959553 15 124.907966 21 359.322974 22 207.850908 36 169.011834 
21 5 1 362.829161 10 367.001362 20 359.322974 22 238.907932 23 473.864960 
22 6 3 122.482652 8 163.526756 10 200.601595 20 207.850908 21 238.907932 36 104.560987 
23 5 1 424.222819 4 529.320319 11 543.183210 16 435.114927 21 473.864960 
24 4 3 218.403297 8 254.699823 28 136.484431 39 131.711807 
25 5 14 146.509385 15 122.413235 32 194.699769 35 147.871566 38 212.602916 
26 4 9 337.557403 12 371.052557 18 383.103119 27 250.449596 
27 7 7 170.762994 9 220.102249 12 270.800665 26 250.449596 28 98.407317 33 214.674172 39 95.078915 
28 3 24 136.484431 27 98.407317 39 89.106678 
29 7 2 267.977611 9 404.105184 18 404.934563 32 216.085631 33 343.083080 34 509.354493 40 589.810987 
30 2 13 54.781384 35 154.486245 
31 3 6 349.542558 19 361.424958 38 254.566298 
32 6 2 215.425161 14 311.448230 15 178.101095 25 194.699769 29 216.085631 34 457.088613 
33 5 2 234.471747 7 200.810856 9 229.368699 27 214.674172 29 343.083080 
34 6 14 463.001080 19 536.828651 29 509.354493 32 457.088613 37 630.835161 40 635.299142 
35 6 5 96.648849 13 87.321246 15 85.988371 25 147.871566 30 154.486245 38 201.814271 
36 5 3 103.310212 7 103.174609 20 169.011834 22 104.560987 39 88.090862 
37 3 19 607.921048 34 630.835161 40 691.875711 
38 5 6 243.082291 14 213.925221 25 212.602916 31 254.566298 35 201.814271 
39 6 3 133.958949 7 99.764723 24 131.711807 27 95.078915 28 89.106678 36 88.090862 
40 4 18 644.027950 29 589.810987 34 635.299142 37 691.875711 
