1 5 31 313.383152 63 337.336627 76 320.338883 189 361.912973 198 203.806281 
2 4 44 68.007353 118 105.603030 126 178.807159 175 145.344419 
3 5 17 68.942005 44 33.970576 108 137.178716 141 92.633687 176 21.377558 
4 7 25 565.052210 90 461.172419 112 469.691388 140 602.050662 143 459.309264 147 449.360657 148 496.783655 
5 4 13 218.634398 108 145.165423 129 188.111669 160 120.253898 
6 5 19 8.246211 114 68.818602 121 52.801515 149 16.643317 194 49.648766 
7 7 94 127.455875 115 77.466122 146 60.811183 151 28.844410 153 41.012193 163 140.459959 182 71.281134 
8 8 44 38.600518 70 31.575307 118 102.528045 122 91.706052 125 136.693087 160 99.959992 161 137.557261 178 110.909873 
9 5 29 147.566934 78 213.901847 120 93.230896 134 86.452299 174 151.347283 
10 4 34 235.849528 111 292.001712 125 158.619040 161 160.031247 
11 4 59 576.608186 110 617.421250 138 623.682612 145 565.701335 
12 7 49 117.477657 64 205.138977 88 244.182309 93 118.983192 107 228.790297 141 122.331517 171 272.855273 
13 9 5 218.634398 53 265.887194 95 206.206207 96 234.776489 103 267.738679 122 148.384635 129 209.344214 160 158.808060 165 263.423613 
14 8 40 4.123106 55 21.931712 65 65.802736 84 72.498276 119 31.304952 149 38.626416 192 80.056230 194 49.648766 
15 6 60 513.069196 69 513.821954 98 654.786988 150 541.793319 164 690.659105 196 609.649900 
16 7 21 156.780101 27 75.026662 34 215.076730 68 245.350769 70 75.239617 125 146.604911 177 265.198039 
17 5 3 68.942005 141 81.024688 151 36.124784 176 8.944272 186 20.518285 
18 5 65 100.169856 72 203.088651 114 90.426766 191 122.024588 194 89.358827 
19 5 6 8.246211 75 69.656299 105 28.442925 121 52.392748 149 30.413813 
20 7 88 284.253408 102 372.263348 152 407.332788 156 296.789488 169 453.715770 171 307.728777 187 436.537513 
21 6 16 156.780101 27 74.027022 68 243.478952 123 74.168727 135 229.819494 188 73.736016 
22 6 42 183.934771 61 194.164878 67 171.172428 82 139.344896 158 163.248277 190 203.383874 
23 6 59 578.070065 63 368.658378 85 521.218764 97 485.152553 110 616.728465 189 435.733864 
24 4 100 753.777155 101 675.740335 138 676.068783 162 770.047401 
25 5 4 565.052210 51 574.198572 91 600.367388 112 494.928278 140 602.735431 
26 4 78 293.001706 80 495.429107 128 448.206426 193 333.594065 
27 6 16 75.026662 21 74.027022 70 13.416408 120 60.827625 123 74.168727 134 47.853944 
28 7 30 297.469326 77 311.443414 87 168.439900 115 112.258630 144 248.219661 163 184.621234 180 132.800602 
29 6 9 147.566934 78 215.640905 120 77.794601 123 30.413813 154 102.956301 168 189.842040 
30 5 28 297.469326 77 315.784737 83 324.077151 87 221.054292 195 330.928995 
31 5 1 313.383152 42 217.248705 76 313.268256 172 309.045304 198 197.425935 
32 4 45 473.067648 132 582.134864 155 387.535805 159 401.676487 
33 6 39 125.936492 67 153.388396 75 85.276022 82 132.653684 149 43.324358 192 95.015788 
34 6 10 235.849528 16 215.076730 73 299.365997 111 294.429958 125 179.301422 177 277.965825 
35 4 66 332.777704 72 253.428491 144 255.485812 184 227.705951 
36 5 63 329.569416 97 467.610949 102 381.182371 107 254.876441 171 318.813425 
37 4 45 496.783655 57 533.903549 99 580.659108 132 616.637657 
38 4 84 95.482983 158 156.464053 170 101.212647 192 120.801490 
39 6 33 125.936492 42 184.621234 67 161.319559 75 86.833173 146 89.067390 198 189.623311 
40 4 14 4.123106 55 38.587563 84 72.917762 170 66.850580 
41 8 109 488.567293 113 423.454838 130 475.946426 131 439.127544 152 385.040258 156 313.210792 165 302.947190 166 315.626361 
42 7 22 183.934771 31 217.248705 39 184.621234 67 171.898226 172 282.681800 190 210.107116 198 196.636721 
43 4 52 239.820766 53 252.301407 95 210.753410 174 159.176003 
44 9 2 68.007353 3 33.970576 8 38.600518 108 103.817147 118 103.619496 160 101.019800 175 141.661569 176 5.000000 186 23.430749 
45 8 32 473.067648 37 496.783655 57 520.478626 86 444.288195 92 471.781729 132 584.097595 137 408.383398 159 422.952716 
46 5 47 40.261644 62 77.524190 79 36.055513 127 74.404301 181 56.515485 
47 5 46 40.261644 54 98.493655 79 15.620499 181 56.753854 188 38.209946 
48 4 50 496.388960 51 551.804313 112 453.269236 173 470.986199 
49 5 12 117.477657 64 169.460910 93 118.152444 151 47.507894 182 94.847246 
50 4 48 496.388960 51 553.863702 66 399.996250 173 443.829922 
51 5 25 574.198572 48 551.804313 50 553.863702 91 602.469916 112 490.397798 
52 5 43 239.820766 53 264.491966 78 287.417814 128 376.807643 174 169.649639 
53 7 13 265.887194 43 252.301407 52 264.491966 95 209.990476 103 288.555021 128 382.320546 133 319.563765 
54 4 47 98.493655 117 222.146348 181 78.492038 188 70.007142 
55 4 14 21.931712 40 38.587563 65 87.800911 119 31.304952 
56 3 58 255.384025 117 229.943471 135 233.413796 
57 6 37 533.903549 45 520.478626 89 499.417661 92 505.621400 99 570.377068 197 511.953123 
58 5 56 255.384025 68 265.905998 71 283.270189 117 276.501356 135 237.794029 
59 5 11 576.608186 23 578.070065 85 521.913786 110 614.655188 145 562.858774 
60 6 15 513.069196 69 494.535135 80 496.783655 128 427.814212 150 538.906300 167 398.959898 
61 3 22 194.164878 158 171.026314 190 238.533017 
62 5 46 77.524190 79 38.897301 127 103.227903 154 114.947814 168 184.629358 
63 8 1 337.336627 23 368.658378 36 329.569416 64 206.596225 97 470.153167 107 251.924592 189 378.318649 198 203.002463 
64 6 12 205.138977 49 169.460910 63 206.596225 107 247.552015 182 93.037627 198 191.942700 
65 5 14 65.802736 18 100.169856 55 87.800911 119 49.648766 194 61.717096 
66 5 35 332.777704 50 399.996250 77 330.691699 144 274.404810 173 442.485028 
67 5 22 171.172428 33 153.388396 39 161.319559 42 171.898226 82 158.382449 
68 9 16 245.350769 21 243.478952 58 265.905998 71 284.608503 135 229.819494 155 357.945527 159 363.626182 177 288.530761 185 325.995399 
69 6 15 513.821954 60 494.535135 113 420.487812 130 485.786990 167 396.708961 196 559.600751 
70 7 8 31.575307 16 75.239617 27 13.416408 122 88.955045 125 132.834483 134 59.413803 174 123.004065 
71 4 58 283.270189 68 284.608503 117 282.285317 185 317.039430 
72 4 18 203.088651 35 253.428491 184 180.313616 191 151.818971 
73 5 34 299.365997 111 303.832191 137 388.207419 159 395.273323 177 278.657496 
74 4 81 682.519597 99 601.100657 132 640.863480 140 624.385298 
75 6 19 69.656299 33 85.276022 39 86.833173 105 29.427878 146 89.067390 149 45.221676 
76 4 1 320.338883 31 313.268256 172 324.735277 189 369.329122 
77 6 28 311.443414 30 315.784737 66 330.691699 144 274.404810 173 439.810186 195 332.352223 
78 9 9 213.901847 26 293.001706 29 215.640905 52 287.417814 106 251.549200 128 377.413566 168 208.741467 174 174.289988 193 329.878766 
79 6 46 36.055513 47 15.620499 62 38.897301 123 15.811388 154 48.877398 188 28.635642 
80 4 26 495.429107 60 496.783655 128 445.982062 150 531.751822 
81 7 74 682.519597 132 670.452086 140 643.864893 157 739.206331 179 747.295122 183 776.692990 200 759.042160 
82 5 22 139.344896 33 132.653684 67 158.382449 158 141.598023 192 97.000000 
83 9 30 324.077151 87 226.883230 112 430.759794 142 347.404663 143 423.869084 147 403.386911 173 434.521576 175 233.420222 195 333.066060 
84 5 14 72.498276 38 95.482983 40 72.917762 170 92.021737 192 103.966341 
85 4 23 521.218764 59 521.913786 97 487.155006 145 556.515049 
86 6 45 444.288195 89 467.052460 90 444.797707 92 479.150290 137 378.493065 142 409.684025 
87 5 28 168.439900 30 221.054292 83 226.883230 175 158.382449 180 131.209756 
88 6 12 244.182309 20 284.253408 108 151.211772 141 136.077184 156 296.789488 171 290.037929 
89 5 57 499.417661 86 467.052460 90 451.136343 92 494.292424 197 494.490647 
90 8 4 461.172419 86 444.797707 89 451.136343 136 518.714758 142 406.036944 147 434.172777 148 496.783655 197 494.490647 
91 4 25 600.367388 51 602.469916 124 610.253226 140 622.964686 
92 4 45 471.781729 57 505.621400 86 479.150290 89 494.292424 
93 4 12 118.983192 49 118.152444 141 121.490740 151 46.647615 
94 6 7 127.455875 104 67.911707 144 223.181540 153 57.008771 163 152.820156 199 142.435951 
95 5 13 206.206207 43 210.753410 53 209.990476 122 149.214611 174 158.448730 
96 5 13 234.776489 108 171.968020 129 193.767902 156 265.887194 165 281.460477 
97 7 23 485.152553 36 467.610949 63 470.153167 85 487.155006 102 383.438391 145 549.553455 169 508.944987 
98 7 15 654.786988 100 725.988981 101 674.276649 116 563.370216 139 588.340038 164 714.183450 196 586.982112 
99 7 37 580.659108 57 570.377068 74 601.100657 132 618.738232 136 549.524340 140 613.110920 197 530.019811 
100 5 24 753.777155 98 725.988981 101 674.276649 162 770.047401 164 714.183450 
101 5 24 675.740335 98 674.276649 100 674.276649 138 660.212087 139 601.321877 
102 5 20 372.263348 36 381.182371 97 383.438391 169 452.409107 171 319.563765 
103 5 13 267.738679 53 288.555021 133 334.498132 165 279.315234 166 299.127063 
104 6 94 67.911707 105 5.099020 121 53.665631 146 46.238512 153 12.041595 199 129.495174 
105 5 19 28.442925 75 29.427878 104 5.099020 121 52.000000 146 52.430907 
106 3 78 251.549200 168 208.741467 193 293.509795 
107 5 12 228.790297 36 254.876441 63 251.924592 64 247.552015 171 287.987847 
108 9 3 137.178716 5 145.165423 44 103.817147 88 151.211772 96 171.968020 129 192.338244 141 130.862523 156 239.008368 160 118.406081 
109 6 41 488.567293 116 561.163969 130 475.946426 131 465.826148 139 564.570633 187 484.001033 
110 4 11 617.421250 23 616.728465 59 614.655188 138 673.026745 
111 7 10 292.001712 34 294.429958 73 303.832191 126 232.862620 137 356.723983 142 358.421540 161 217.451144 
112 7 4 469.691388 25 494.928278 48 453.269236 51 490.397798 83 430.759794 143 424.549173 173 435.178124 
113 6 41 423.454838 69 420.487812 130 465.639345 133 348.000000 166 326.810343 167 395.213866 
114 5 6 68.818602 18 90.426766 121 66.483081 191 122.024588 194 62.369865 
115 6 7 77.466122 28 112.258630 151 26.832816 163 140.890028 180 85.796270 186 22.671568 
116 5 98 563.370216 109 561.163969 130 476.642424 139 584.781156 196 584.829035 
117 6 54 222.146348 56 229.943471 58 276.501356 71 282.285317 135 203.216633 188 112.058021 
118 6 2 105.603030 8 102.528045 44 103.619496 126 191.342625 161 186.037631 178 128.549601 
119 3 14 31.304952 55 31.304952 65 49.648766 
120 6 9 93.230896 27 60.827625 29 77.794601 123 27.459060 134 85.586214 174 93.230896 
121 7 6 52.801515 19 52.392748 104 53.665631 105 52.000000 114 66.483081 191 115.208507 199 138.809222 
122 6 8 91.706052 13 148.384635 70 88.955045 95 149.214611 160 134.357731 174 138.224455 
123 7 21 74.168727 27 74.168727 29 30.413813 79 15.811388 120 27.459060 154 51.039201 188 28.635642 
124 3 91 610.253226 140 629.382237 157 740.547095 
125 6 8 136.693087 10 158.619040 16 146.604911 34 179.301422 70 132.834483 161 150.416090 
126 6 2 178.807159 111 232.862620 118 191.342625 142 343.279769 161 186.807387 175 162.935570 
127 3 46 74.404301 62 103.227903 181 55.081757 
128 8 26 448.206426 52 376.807643 53 382.320546 60 427.814212 78 377.413566 80 445.982062 133 338.000000 167 398.959898 
129 4 5 188.111669 13 209.344214 96 193.767902 108 192.338244 
130 6 41 475.946426 69 485.786990 109 475.946426 113 465.639345 116 476.642424 196 556.190615 
131 4 41 439.127544 109 465.826148 152 416.750525 187 461.139892 
132 6 32 582.134864 37 616.637657 45 584.097595 74 640.863480 81 670.452086 99 618.738232 
133 6 53 319.563765 103 334.498132 113 348.000000 128 338.000000 166 328.324535 167 367.021798 
134 5 9 86.452299 27 47.853944 70 59.413803 120 85.586214 174 132.310241 
135 6 21 229.819494 56 233.413796 58 237.794029 68 229.819494 117 203.216633 188 110.113578 
136 5 90 518.714758 99 549.524340 140 594.577161 148 511.962889 197 502.095608 
137 6 45 408.383398 73 388.207419 86 378.493065 111 356.723983 142 358.421540 159 416.249925 
138 7 11 623.682612 24 676.068783 101 660.212087 110 673.026745 139 568.689722 145 581.578885 169 520.877145 
139 7 98 588.340038 101 601.321877 109 564.570633 116 584.781156 138 568.689722 169 520.124985 187 485.506952 
140 10 4 602.050662 25 602.735431 74 624.385298 81 643.864893 91 622.964686 99 613.110920 124 629.382237 136 594.577161 148 545.206383 157 739.876341 
141 7 3 92.633687 12 122.331517 17 81.024688 88 136.077184 93 121.490740 108 130.862523 151 39.204592 
142 8 83 347.404663 86 409.684025 90 406.036944 111 358.421540 126 343.279769 137 358.421540 147 392.471655 175 238.556073 
143 4 4 459.309264 83 423.869084 112 424.549173 147 403.386911 
144 8 28 248.219661 35 255.485812 66 274.404810 77 274.404810 94 223.181540 163 192.002604 184 193.507106 199 183.218449 
145 6 11 565.701335 59 562.858774 85 556.515049 97 549.553455 138 581.578885 169 514.138114 
146 8 7 60.811183 39 89.067390 75 89.067390 104 46.238512 105 52.430907 153 14.035669 182 80.622577 198 146.731046 
147 5 4 449.360657 83 403.386911 90 434.172777 142 392.471655 143 403.386911 
148 4 4 496.783655 90 496.783655 136 511.962889 140 545.206383 
149 7 6 16.643317 14 38.626416 19 30.413813 33 43.324358 75 45.221676 192 83.354664 194 48.270074 
150 3 15 541.793319 60 538.906300 80 531.751822 
151 8 7 28.844410 17 36.124784 49 47.507894 93 46.647615 115 26.832816 141 39.204592 182 51.224994 186 20.518285 
152 5 20 407.332788 41 385.040258 131 416.750525 156 302.200265 187 437.220768 
153 4 7 41.012193 94 57.008771 104 12.041595 146 14.035669 
154 5 29 102.956301 62 114.947814 79 48.877398 123 51.039201 168 171.405951 
155 4 32 387.535805 68 357.945527 159 369.433350 185 328.100594 
156 7 20 296.789488 41 313.210792 88 296.789488 96 265.887194 108 239.008368 152 302.200265 165 302.947190 
157 4 81 739.206331 124 740.547095 140 739.876341 179 747.295122 
158 5 22 163.248277 38 156.464053 61 171.026314 82 141.598023 192 120.801490 
159 7 32 401.676487 45 422.952716 68 363.626182 73 395.273323 137 416.249925 155 369.433350 177 313.051114 
160 6 5 120.253898 8 99.959992 13 158.808060 44 101.019800 108 118.406081 122 134.357731 
161 7 8 137.557261 10 160.031247 111 217.451144 118 186.037631 125 150.416090 126 186.807387 178 145.773797 
162 2 24 770.047401 100 770.047401 
163 5 7 140.459959 28 184.621234 94 152.820156 115 140.890028 144 192.002604 
164 3 15 690.659105 98 714.183450 100 714.183450 
165 6 13 263.423613 41 302.947190 96 281.460477 103 279.315234 156 302.947190 166 315.626361 
166 5 41 315.626361 103 299.127063 113 326.810343 133 328.324535 165 315.626361 
167 5 60 398.959898 69 396.708961 113 395.213866 128 398.959898 133 367.021798 
168 5 29 189.842040 62 184.629358 78 208.741467 106 208.741467 154 171.405951 
169 7 20 453.715770 97 508.944987 102 452.409107 138 520.877145 139 520.124985 145 514.138114 187 436.537513 
170 3 38 101.212647 40 66.850580 84 92.021737 
171 6 12 272.855273 20 307.728777 36 318.813425 88 290.037929 102 319.563765 107 287.987847 
172 5 31 309.045304 42 282.681800 76 324.735277 189 374.140348 190 257.406294 
173 7 48 470.986199 50 443.829922 66 442.485028 77 439.810186 83 434.521576 112 435.178124 195 365.034245 
174 9 9 151.347283 43 159.176003 52 169.649639 70 123.004065 78 174.289988 95 158.448730 120 93.230896 122 138.224455 134 132.310241 
175 8 2 145.344419 44 141.661569 83 233.420222 87 158.382449 126 162.935570 142 238.556073 180 126.506917 186 71.589105 
176 4 3 21.377558 17 8.944272 44 5.000000 186 15.297059 
177 5 16 265.198039 34 277.965825 68 288.530761 73 278.657496 159 313.051114 
178 3 8 110.909873 118 128.549601 161 145.773797 
179 4 81 747.295122 157 747.295122 183 804.718584 200 768.023437 
180 5 28 132.800602 87 131.209756 115 85.796270 175 126.506917 186 30.886890 
181 4 46 56.515485 47 56.753854 54 78.492038 127 55.081757 
182 6 7 71.281134 49 94.847246 64 93.037627 146 80.622577 151 51.224994 198 147.871566 
183 3 81 776.692990 179 804.718584 200 784.899994 
184 5 35 227.705951 72 180.313616 144 193.507106 191 142.523682 199 150.146595 
185 3 68 325.995399 71 317.039430 155 328.100594 
186 7 17 20.518285 44 23.430749 115 22.671568 151 20.518285 175 71.589105 176 15.297059 180 30.886890 
187 6 20 436.537513 109 484.001033 131 461.139892 139 485.506952 152 437.220768 169 436.537513 
188 7 21 73.736016 47 38.209946 54 70.007142 79 28.635642 117 112.058021 123 28.635642 135 110.113578 
189 5 1 361.912973 23 435.733864 63 378.318649 76 369.329122 172 374.140348 
190 4 22 203.383874 42 210.107116 61 238.533017 172 257.406294 
191 6 18 122.024588 72 151.818971 114 122.024588 121 115.208507 184 142.523682 199 138.809222 
192 7 14 80.056230 33 95.015788 38 120.801490 82 97.000000 84 103.966341 149 83.354664 158 120.801490 
193 3 26 333.594065 78 329.878766 106 293.509795 
194 6 6 49.648766 14 49.648766 18 89.358827 65 61.717096 114 62.369865 149 48.270074 
195 4 30 330.928995 77 332.352223 83 333.066060 173 365.034245 
196 5 15 609.649900 69 559.600751 98 586.982112 116 584.829035 130 556.190615 
197 5 57 511.953123 89 494.490647 90 494.490647 99 530.019811 136 502.095608 
198 8 1 203.806281 31 197.425935 39 189.623311 42 196.636721 63 203.002463 64 191.942700 146 146.731046 182 147.871566 
199 6 94 142.435951 104 129.495174 121 138.809222 144 183.218449 184 150.146595 191 138.809222 
200 3 81 759.042160 179 768.023437 183 784.899994 
