1 2 4 399.091468 5 77.103826 
2 4 3 143.136299 6 324.784544 8 352.482624 9 152.633548 
3 3 2 143.136299 4 444.173390 9 129.988461 
4 4 1 399.091468 3 444.173390 5 109.416635 9 153.808322 
5 4 1 77.103826 4 109.416635 9 130.291980 10 193.610434 
6 4 2 324.784544 7 401.976367 8 354.515162 9 213.663287 
7 4 6 401.976367 8 398.502196 9 262.177421 10 399.991250 
8 3 2 352.482624 6 354.515162 7 398.502196 
9 7 2 152.633548 3 129.988461 4 153.808322 5 130.291980 6 213.663287 7 262.177421 10 378.695128 
10 3 5 193.610434 7 399.991250 9 378.695128 
