1 6 2 129.402473 3 225.499446 7 243.115199 8 362.012431 15 92.763139 18 112.271991 
2 4 1 129.402473 3 216.020832 11 295.677189 15 40.249224 
3 2 1 225.499446 2 216.020832 
4 3 11 410.365691 13 562.993783 14 328.689823 
5 5 9 59.665736 16 203.199409 17 112.294256 18 62.968246 20 88.752465 
6 5 7 284.682279 8 428.780830 12 332.340187 17 243.074063 18 193.018134 
7 4 1 243.115199 6 284.682279 8 416.860888 18 126.649122 
8 3 1 362.012431 6 428.780830 7 416.860888 
9 5 5 59.665736 10 285.217461 17 116.811814 19 187.171045 20 127.769323 
10 3 9 285.217461 13 479.521637 20 129.618671 
11 4 2 295.677189 4 410.365691 14 327.865826 15 149.090576 
12 3 6 332.340187 17 129.834510 19 113.282832 
13 5 4 562.993783 10 479.521637 14 323.760714 16 226.313941 20 170.205758 
14 5 4 328.689823 11 327.865826 13 323.760714 15 102.591423 16 282.619886 
15 6 1 92.763139 2 40.249224 11 149.090576 14 102.591423 16 179.980555 18 68.963759 
16 6 5 203.199409 13 226.313941 14 282.619886 15 179.980555 18 69.835521 20 169.248338 
17 6 5 112.294256 6 243.074063 9 116.811814 12 129.834510 18 95.273291 19 52.611786 
18 7 1 112.271991 5 62.968246 6 193.018134 7 126.649122 15 68.963759 16 69.835521 17 95.273291 
19 3 9 187.171045 12 113.282832 17 52.611786 
20 5 5 88.752465 9 127.769323 10 129.618671 13 170.205758 16 169.248338 
