1 7 18 16.401219 32 12.369317 47 68.622154 98 76.419893 108 99.005050 112 31.780497 204 95.754895 
2 6 44 43.185646 60 16.124515 80 41.773197 111 44.598206 162 36.674242 197 53.310412 
3 6 4 32.249031 58 17.691806 68 13.601471 172 28.319605 223 18.439089 250 59.682493 
4 4 3 32.249031 172 21.400935 198 29.410882 223 42.190046 
5 6 8 48.010416 43 44.045431 65 98.310732 221 78.032045 225 71.063352 243 53.851648 
6 5 72 68.007353 116 17.691806 159 66.483081 226 14.317821 235 67.896981 
7 8 48 55.000000 62 23.345235 78 19.723083 102 50.289164 109 28.600699 121 30.805844 158 39.357337 191 41.773197 
8 5 5 48.010416 65 51.865210 136 66.241981 193 75.432089 225 74.732858 
9 4 19 77.794601 137 40.012498 185 46.690470 239 48.052055 
10 7 12 72.090221 46 36.124784 106 51.224994 196 51.419841 204 23.853721 205 30.364453 211 37.656341 
11 5 57 39.560081 115 41.773197 130 18.439089 151 25.019992 237 23.323808 
12 7 10 72.090221 89 67.268120 105 18.867962 127 45.650849 196 80.777472 200 46.227697 211 46.227697 
13 8 64 69.641941 121 34.481879 155 39.051248 164 63.639610 178 28.160256 186 58.668561 230 48.270074 231 50.695167 
14 9 17 51.156622 48 54.708317 83 17.464249 95 34.058773 142 17.029386 147 25.000000 149 41.484937 206 35.383612 249 24.839485 
15 4 37 40.311289 47 58.898217 108 14.764823 205 16.124515 
16 6 22 34.014703 38 25.961510 67 32.893768 101 64.474801 154 58.051701 195 33.837849 
17 6 14 51.156622 35 18.681542 48 24.331050 90 11.180340 171 10.770330 206 40.360872 
18 4 1 16.401219 32 24.166092 110 33.000000 112 21.840330 
19 7 9 77.794601 30 84.219950 66 50.358713 96 42.755117 137 76.687678 170 61.911227 203 58.309519 
20 8 50 16.970563 88 50.000000 98 80.777472 107 50.447993 112 107.540690 114 46.400431 148 48.836462 192 44.944410 
21 7 29 45.276926 116 52.611786 153 41.677332 173 13.038405 176 18.601075 224 34.539832 226 53.758720 
22 5 16 34.014703 67 26.248809 75 17.804494 154 57.558666 175 30.413813 
23 6 39 38.209946 138 30.413813 201 9.848858 202 35.440090 215 53.488316 216 64.845971 
24 5 32 35.227830 74 35.227830 184 31.016125 190 8.062258 234 54.120237 
25 6 101 48.301139 107 12.649111 160 36.235342 192 27.073973 220 56.044625 240 49.396356 
26 5 28 5.830952 153 33.541020 161 28.460499 173 23.537205 176 27.018512 
27 4 41 30.886890 82 22.022716 190 64.124878 234 24.083189 
28 6 26 5.830952 55 52.000000 153 33.600595 161 30.265492 174 50.774009 175 43.416587 
29 5 21 45.276926 116 43.382024 159 42.720019 161 18.439089 176 27.202941 
30 6 19 84.219950 118 96.176920 137 43.011626 170 94.085068 199 47.885280 217 44.283180 
31 7 57 77.006493 62 38.600518 78 31.144823 99 59.682493 109 26.925824 121 43.863424 158 41.036569 
32 7 1 12.369317 18 24.166092 24 35.227830 47 62.801274 110 48.301139 184 30.083218 190 42.638011 
33 7 61 61.008196 71 68.600292 99 53.665631 134 69.634761 145 57.801384 174 63.631753 189 48.507731 
34 6 64 13.000000 163 53.823787 164 28.017851 214 28.231188 241 30.016662 246 70.114193 
35 4 17 18.681542 90 9.899495 206 25.059928 244 58.008620 
36 4 45 71.196910 82 47.169906 129 27.730849 208 70.830784 
37 7 15 40.311289 47 73.552702 104 29.410882 106 37.483330 132 29.732137 205 39.560081 222 17.804494 
38 5 16 25.961510 70 31.827661 101 52.009614 187 50.606324 195 41.436699 
39 6 23 38.209946 65 36.345564 117 53.084838 136 17.464249 138 12.041595 215 52.773099 
40 4 71 8.246211 114 33.615473 134 48.877398 166 29.017236 
41 7 27 30.886890 82 28.861739 86 21.931712 129 43.829214 183 34.525353 190 82.280010 199 105.080921 
42 4 85 86.284413 97 72.917762 179 65.764732 181 87.965902 
43 8 5 44.045431 65 110.693270 89 82.365041 163 45.967380 196 119.641130 214 44.418465 241 36.400549 243 50.596443 
44 5 2 43.185646 80 41.761226 111 59.008474 135 19.000000 148 71.344236 
45 5 36 71.196910 113 27.294688 140 85.052925 208 77.794601 212 34.828150 
46 5 10 36.124784 100 53.141321 180 27.073973 204 40.199502 211 19.723083 
47 8 1 68.622154 15 58.898217 32 62.801274 37 73.552702 74 35.355339 104 57.974132 140 32.449961 184 40.261644 
48 8 7 55.000000 14 54.708317 17 24.331050 121 62.513998 149 37.947332 171 24.413111 178 48.104054 191 41.109610 
49 4 63 10.000000 96 25.806976 170 34.655447 183 93.263069 
50 4 20 16.970563 88 36.055513 98 66.610810 100 30.528675 
51 6 58 51.078371 146 50.990195 159 47.169906 187 48.764741 195 45.453273 235 15.264338 
52 5 53 30.066593 76 31.780497 169 27.166155 213 22.203603 253 48.259714 
53 5 52 30.066593 150 40.049969 152 36.055513 169 36.796739 232 35.128336 
54 5 104 15.000000 132 17.888544 140 29.000000 212 63.198101 255 18.027756 
55 6 28 52.000000 57 111.162044 153 45.177428 174 31.144823 182 47.675990 188 100.419122 
56 5 77 42.047592 79 53.740115 92 53.037722 202 52.345009 242 45.607017 
57 8 11 39.560081 31 77.006493 55 111.162044 99 119.866593 130 42.579338 158 56.938563 188 74.946648 237 29.206164 
58 6 3 17.691806 51 51.078371 68 8.000000 146 54.744863 235 55.443665 250 47.169906 
59 6 60 43.462628 128 27.294688 162 15.033296 185 54.451814 217 52.697249 245 24.020824 
60 6 2 16.124515 59 43.462628 69 56.089215 111 29.681644 162 41.048752 245 56.586217 
61 6 33 61.008196 99 61.400326 124 61.220911 127 49.040799 134 15.652476 168 39.293765 
62 4 7 23.345235 31 38.600518 78 26.000000 121 9.055385 
63 3 49 10.000000 66 25.961510 96 18.601075 
64 6 13 69.641941 34 13.000000 120 55.569776 164 28.284271 231 55.569776 246 66.940272 
65 9 5 98.310732 8 51.865210 39 36.345564 43 110.693270 117 69.892775 136 31.016125 143 70.000000 196 106.794195 210 66.407831 
66 4 19 50.358713 63 25.961510 96 16.124515 203 24.000000 
67 5 16 32.893768 22 26.248809 159 27.856777 175 35.440090 195 22.022716 
68 5 3 13.601471 58 8.000000 72 47.381431 172 24.351591 235 57.008771 
69 9 60 56.089215 87 35.227830 111 41.436699 119 20.808652 131 29.068884 213 55.901699 227 41.231056 245 51.923020 253 44.821870 
70 5 38 31.827661 81 39.924930 101 37.202150 177 41.436699 187 51.478151 
71 6 33 68.600292 40 8.246211 134 55.000000 154 52.153619 166 27.892651 189 43.416587 
72 4 6 68.007353 68 47.381431 172 27.856777 235 52.392748 
73 6 133 16.155494 215 51.264022 238 25.238859 248 37.483330 252 40.112342 254 26.925824 
74 6 24 35.227830 47 35.355339 140 61.911227 184 6.403124 208 61.131007 234 52.000000 
75 6 22 17.804494 145 48.052055 154 46.389654 174 66.940272 175 38.000000 189 58.523500 
76 4 52 31.780497 152 55.081757 157 34.365681 253 27.073973 
77 2 56 42.047592 79 36.221541 
78 4 7 19.723083 31 31.144823 62 26.000000 109 9.219544 
79 4 56 53.740115 77 36.221541 92 39.000000 103 23.086793 
80 6 2 41.773197 44 41.761226 110 54.405882 112 63.134776 148 91.268834 197 45.617979 
81 6 70 39.924930 146 41.012193 152 74.886581 165 31.890437 177 64.007812 187 35.777088 
82 6 27 22.022716 36 47.169906 41 28.861739 129 32.984845 208 41.400483 234 41.629317 
83 3 14 17.464249 147 27.018512 206 19.723083 
84 3 94 6.324555 169 35.468296 213 27.802878 
85 6 42 86.284413 97 64.498062 102 79.404030 181 6.082763 228 71.847060 244 55.901699 
86 4 41 21.931712 118 12.806248 183 21.470911 199 116.726175 
87 3 69 35.227830 131 7.615773 227 6.708204 
88 5 20 50.000000 50 36.055513 100 17.204651 114 54.781384 200 33.837849 
89 8 12 67.268120 43 82.365041 105 63.063460 124 67.230945 164 54.488531 186 54.708317 196 79.056942 214 49.040799 
90 4 17 11.180340 35 9.899495 171 17.000000 244 51.351728 
91 6 92 37.013511 103 21.260292 193 27.202941 216 42.755117 225 47.675990 236 39.217343 
92 7 56 53.037722 79 39.000000 91 37.013511 103 43.566042 216 19.849433 236 12.806248 242 34.481879 
93 3 123 5.385165 182 25.019992 233 27.892651 
94 3 84 6.324555 213 33.241540 227 6.324555 
95 5 14 34.058773 120 15.033296 149 14.317821 231 19.646883 249 24.758837 
96 5 19 42.755117 49 25.806976 63 18.601075 66 16.124515 170 46.097722 
97 5 42 72.917762 85 64.498062 151 50.990195 179 24.698178 228 25.806976 
98 7 1 76.419893 20 80.777472 50 66.610810 100 52.810984 112 66.407831 180 8.246211 204 55.865911 
99 9 31 59.682493 33 53.665631 57 119.866593 61 61.400326 121 81.006173 168 48.270074 174 112.432202 229 39.204592 230 51.000000 
100 7 46 53.141321 50 30.528675 88 17.204651 98 52.810984 180 52.773099 200 48.877398 211 53.150729 
101 8 16 64.474801 25 48.301139 38 52.009614 70 37.202150 154 66.940272 160 40.521599 177 30.083218 220 42.520583 
102 7 7 50.289164 85 79.404030 158 68.963759 171 37.576588 191 9.899495 228 78.746428 244 38.078866 
103 3 79 23.086793 91 21.260292 92 43.566042 
104 5 37 29.410882 47 57.974132 54 15.000000 132 8.062258 140 39.849718 
105 4 12 18.867962 89 63.063460 124 44.598206 127 40.000000 
106 6 10 51.224994 37 37.483330 143 36.674242 196 33.286634 205 42.449971 222 19.849433 
107 6 20 50.447993 25 12.649111 114 60.033324 160 36.345564 166 55.569776 192 25.079872 
108 4 1 99.005050 15 14.764823 204 11.704700 205 8.602325 
109 4 7 28.600699 31 26.925824 78 9.219544 158 18.681542 
110 8 18 33.000000 32 48.301139 80 54.405882 112 44.294469 122 36.055513 190 57.280014 197 37.643060 199 48.836462 
111 6 2 44.598206 44 59.008474 60 29.681644 69 41.436699 135 61.684682 253 14.560220 
112 7 1 31.780497 18 21.840330 20 107.540690 80 63.134776 98 66.407831 110 44.294469 148 108.166538 
113 5 45 27.294688 133 58.008620 212 18.000000 238 52.469038 254 50.921508 
114 7 20 46.400431 40 33.615473 88 54.781384 107 60.033324 134 59.135438 166 32.310989 200 65.604878 
115 5 11 41.773197 130 53.338541 151 32.140317 179 42.485292 251 74.632433 
116 5 6 17.691806 21 52.611786 29 43.382024 159 57.939624 226 9.055385 
117 6 39 53.084838 65 69.892775 125 27.784888 210 60.207973 215 52.697249 252 27.202941 
118 5 30 96.176920 86 12.806248 170 49.819675 183 33.600595 199 108.041659 
119 4 69 20.808652 131 26.570661 239 64.280635 245 49.040799 
120 5 64 55.569776 95 15.033296 231 28.284271 246 47.169906 249 17.117243 
121 8 7 30.805844 13 34.481879 31 43.863424 48 62.513998 62 9.055385 99 81.006173 178 30.232433 230 72.006944 
122 4 110 36.055513 197 31.575307 199 14.317821 217 29.274562 
123 4 93 5.385165 153 39.051248 182 23.345235 224 29.274562 
124 8 61 61.220911 89 67.230945 105 44.598206 127 62.649820 168 29.732137 186 44.147480 229 36.345564 230 39.051248 
125 6 117 27.784888 132 51.078371 210 49.769469 222 63.324561 252 36.878178 255 46.389654 
126 4 139 11.661904 144 40.311289 150 47.265209 218 17.464249 
127 6 12 45.650849 61 49.040799 105 40.000000 124 62.649820 134 40.000000 200 8.062258 
128 4 59 27.294688 185 36.055513 239 39.962482 245 5.830952 
129 4 36 27.730849 41 43.829214 82 32.984845 183 26.476405 
130 5 11 18.439089 57 42.579338 115 53.338541 188 38.832976 251 55.901699 
131 3 69 29.068884 87 7.615773 119 26.570661 
132 6 37 29.732137 54 17.888544 104 8.062258 125 51.078371 222 45.793013 255 14.035669 
133 4 73 16.155494 113 58.008620 238 10.000000 254 18.867962 
134 7 33 69.634761 40 48.877398 61 15.652476 71 55.000000 114 59.135438 127 40.000000 200 44.553339 
135 6 44 19.000000 111 61.684682 148 63.600314 157 38.897301 240 34.713110 253 63.126856 
136 6 8 66.241981 39 17.464249 65 31.016125 138 8.944272 193 91.662424 216 72.180330 
137 5 9 40.012498 19 76.687678 30 43.011626 185 33.955854 217 65.795137 
138 4 23 30.413813 39 12.041595 136 8.944272 216 75.166482 
139 4 126 11.661904 144 46.270941 150 43.657760 167 14.422205 
140 7 45 85.052925 47 32.449961 54 29.000000 74 61.911227 104 39.849718 208 63.953108 212 67.416615 
141 4 163 27.202941 207 4.123106 221 59.413803 246 11.704700 
142 4 14 17.029386 147 14.317821 246 47.169906 249 17.117243 
143 4 65 70.000000 106 36.674242 196 39.357337 210 22.135944 
144 8 126 40.311289 139 46.270941 156 41.880783 167 41.629317 209 15.231546 218 51.478151 247 64.404969 250 76.164296 
145 4 33 57.801384 75 48.052055 174 31.622777 189 22.090722 
146 6 51 50.990195 58 54.744863 81 41.012193 165 32.015621 187 17.492856 250 14.764823 
147 4 14 25.000000 83 27.018512 142 14.317821 246 51.400389 
148 7 20 48.836462 44 71.344236 80 91.268834 112 108.166538 135 63.600314 192 9.219544 240 38.832976 
149 6 14 41.484937 48 37.947332 95 14.317821 155 22.090722 178 38.078866 231 15.264338 
150 8 53 40.049969 126 47.265209 139 43.657760 152 45.607017 167 55.946403 218 41.484937 232 7.071068 247 44.821870 
151 6 11 25.019992 97 50.990195 115 32.140317 179 43.011626 228 46.754679 237 23.021729 
152 10 53 36.055513 76 55.081757 81 74.886581 150 45.607017 157 58.830264 165 84.929382 177 73.246160 220 69.871310 232 38.600518 247 63.505905 
153 8 21 41.677332 26 33.541020 28 33.600595 55 45.177428 123 39.051248 173 35.902646 182 29.832868 224 34.234486 
154 8 16 58.051701 22 57.558666 71 52.153619 75 46.389654 101 66.940272 160 37.483330 166 38.910153 189 56.753854 
155 4 13 39.051248 149 22.090722 178 20.248457 231 13.453624 
156 4 144 41.880783 194 54.405882 209 35.805028 219 55.154329 
157 6 76 34.365681 135 38.897301 152 58.830264 220 54.451814 240 50.039984 253 48.166378 
158 7 7 39.357337 31 41.036569 57 56.938563 102 68.963759 109 18.681542 228 69.202601 237 67.268120 
159 9 6 66.483081 29 42.720019 51 47.169906 67 27.856777 116 57.939624 161 52.009614 175 46.818800 195 27.730849 235 42.544095 
160 5 25 36.235342 101 40.521599 107 36.345564 154 37.483330 166 43.737855 
161 6 26 28.460499 28 30.265492 29 18.439089 159 52.009614 175 18.788294 176 31.622777 
162 5 2 36.674242 59 15.033296 60 41.048752 197 40.311289 217 45.221676 
163 7 34 53.823787 43 45.967380 141 27.202941 207 24.186773 241 45.011110 243 23.345235 246 37.483330 
164 6 13 63.639610 34 28.017851 64 28.284271 89 54.488531 186 23.323808 214 43.680659 
165 5 81 31.890437 146 32.015621 152 84.929382 247 32.802439 250 29.546573 
166 6 40 29.017236 71 27.892651 107 55.569776 114 32.310989 154 38.910153 160 43.737855 
167 3 139 14.422205 144 41.629317 150 55.946403 
168 4 61 39.293765 99 48.270074 124 29.732137 229 17.000000 
169 4 52 27.166155 53 36.796739 84 35.468296 213 18.357560 
170 6 19 61.911227 30 94.085068 49 34.655447 96 46.097722 118 49.819675 183 71.309186 
171 5 17 10.770330 48 24.413111 90 17.000000 102 37.576588 244 47.853944 
172 4 3 28.319605 4 21.400935 68 24.351591 72 27.856777 
173 4 21 13.038405 26 23.537205 153 35.902646 176 12.165525 
174 7 28 50.774009 33 63.631753 55 31.144823 75 66.940272 99 112.432202 145 31.622777 175 68.622154 
175 7 22 30.413813 28 43.416587 67 35.440090 75 38.000000 159 46.818800 161 18.788294 174 68.622154 
176 5 21 18.601075 26 27.018512 29 27.202941 161 31.622777 173 12.165525 
177 5 70 41.436699 81 64.007812 101 30.083218 152 73.246160 220 17.464249 
178 5 13 28.160256 48 48.104054 121 30.232433 149 38.078866 155 20.248457 
179 4 42 65.764732 97 24.698178 115 42.485292 151 43.011626 
180 4 46 27.073973 98 8.246211 100 52.773099 204 49.040799 
181 3 42 87.965902 85 6.082763 244 56.320511 
182 6 55 47.675990 93 25.019992 123 23.345235 153 29.832868 188 68.007353 233 42.520583 
183 6 41 34.525353 49 93.263069 86 21.470911 118 33.600595 129 26.476405 170 71.309186 
184 4 24 31.016125 32 30.083218 47 40.261644 74 6.403124 
185 6 9 46.690470 59 54.451814 128 36.055513 137 33.955854 217 68.264193 239 25.553865 
186 5 13 58.668561 89 54.708317 124 44.147480 164 23.323808 230 43.863424 
187 6 38 50.606324 51 48.764741 70 51.478151 81 35.777088 146 17.492856 195 59.665736 
188 6 55 100.419122 57 74.946648 130 38.832976 182 68.007353 233 37.107951 251 28.861739 
189 5 33 48.507731 71 43.416587 75 58.523500 145 22.090722 154 56.753854 
190 6 24 8.062258 27 64.124878 32 42.638011 41 82.280010 110 57.280014 199 56.462377 
191 3 7 41.773197 48 41.109610 102 9.899495 
192 5 20 44.944410 25 27.073973 107 25.079872 148 9.219544 240 44.011362 
193 5 8 75.432089 91 27.202941 136 91.662424 216 31.240999 225 34.014703 
194 5 156 54.405882 198 44.944410 209 65.069194 219 13.038405 223 49.406477 
195 6 16 33.837849 38 41.436699 51 45.453273 67 22.022716 159 27.730849 187 59.665736 
196 7 10 51.419841 12 80.777472 43 119.641130 65 106.794195 89 79.056942 106 33.286634 143 39.357337 
197 6 2 53.310412 80 45.617979 110 37.643060 122 31.575307 162 40.311289 217 35.468296 
198 3 4 29.410882 194 44.944410 223 53.037722 
199 8 30 47.885280 41 105.080921 86 116.726175 110 48.836462 118 108.041659 122 14.317821 190 56.462377 217 28.600699 
200 7 12 46.227697 88 33.837849 100 48.877398 114 65.604878 127 8.062258 134 44.553339 211 65.375837 
201 4 23 9.848858 202 30.016662 215 54.918121 248 73.355300 
202 5 23 35.440090 56 52.345009 201 30.016662 216 41.868843 242 10.000000 
203 2 19 58.309519 66 24.000000 
204 7 1 95.754895 10 23.853721 46 40.199502 98 55.865911 108 11.704700 180 49.040799 205 19.416488 
205 6 10 30.364453 15 16.124515 37 39.560081 106 42.449971 108 8.602325 204 19.416488 
206 4 14 35.383612 17 40.360872 35 25.059928 83 19.723083 
207 4 141 4.123106 163 24.186773 221 57.314920 243 29.427878 
208 6 36 70.830784 45 77.794601 74 61.131007 82 41.400483 140 63.953108 234 20.615528 
209 5 144 15.231546 156 35.805028 194 65.069194 223 56.080300 250 72.532751 
210 5 65 66.407831 117 60.207973 125 49.769469 143 22.135944 222 43.965896 
211 5 10 37.656341 12 46.227697 46 19.723083 100 53.150729 200 65.375837 
212 7 45 34.828150 54 63.198101 113 18.000000 140 67.416615 238 53.150729 252 77.466122 255 61.098281 
213 7 52 22.203603 69 55.901699 84 27.802878 94 33.241540 169 18.357560 227 36.400549 253 52.478567 
214 5 34 28.231188 43 44.418465 89 49.040799 164 43.680659 241 10.770330 
215 7 23 53.488316 39 52.773099 73 51.264022 117 52.697249 201 54.918121 248 26.400758 252 50.089919 
216 9 23 64.845971 91 42.755117 92 19.849433 136 72.180330 138 75.166482 193 31.240999 202 41.868843 236 7.071068 242 36.235342 
217 8 30 44.283180 59 52.697249 122 29.274562 137 65.795137 162 45.221676 185 68.264193 197 35.468296 199 28.600699 
218 4 126 17.464249 144 51.478151 150 41.484937 247 17.720045 
219 2 156 55.154329 194 13.038405 
220 6 25 56.044625 101 42.520583 152 69.871310 157 54.451814 177 17.464249 240 42.720019 
221 5 5 78.032045 141 59.413803 207 57.314920 225 97.514102 243 48.052055 
222 5 37 17.804494 106 19.849433 125 63.324561 132 45.793013 210 43.965896 
223 6 3 18.439089 4 42.190046 194 49.406477 198 53.037722 209 56.080300 250 61.269895 
224 3 21 34.539832 123 29.274562 153 34.234486 
225 5 5 71.063352 8 74.732858 91 47.675990 193 34.014703 221 97.514102 
226 3 6 14.317821 21 53.758720 116 9.055385 
227 4 69 41.231056 87 6.708204 94 6.324555 213 36.400549 
228 6 85 71.847060 97 25.806976 102 78.746428 151 46.754679 158 69.202601 237 49.477268 
229 4 99 39.204592 124 36.345564 168 17.000000 230 20.880613 
230 6 13 48.270074 99 51.000000 121 72.006944 124 39.051248 186 43.863424 229 20.880613 
231 6 13 50.695167 64 55.569776 95 19.646883 120 28.284271 149 15.264338 155 13.453624 
232 3 53 35.128336 150 7.071068 152 38.600518 
233 4 93 27.892651 182 42.520583 188 37.107951 251 47.010637 
234 5 24 54.120237 27 24.083189 74 52.000000 82 41.629317 208 20.615528 
235 6 6 67.896981 51 15.264338 58 55.443665 68 57.008771 72 52.392748 159 42.544095 
236 3 91 39.217343 92 12.806248 216 7.071068 
237 5 11 23.323808 57 29.206164 151 23.021729 158 67.268120 228 49.477268 
238 5 73 25.238859 113 52.469038 133 10.000000 212 53.150729 252 35.383612 
239 5 9 48.052055 119 64.280635 128 39.962482 185 25.553865 245 45.221676 
240 6 25 49.396356 135 34.713110 148 38.832976 157 50.039984 192 44.011362 220 42.720019 
241 4 34 30.016662 43 36.400549 163 45.011110 214 10.770330 
242 4 56 45.607017 92 34.481879 202 10.000000 216 36.235342 
243 5 5 53.851648 43 50.596443 163 23.345235 207 29.427878 221 48.052055 
244 6 35 58.008620 85 55.901699 90 51.351728 102 38.078866 171 47.853944 181 56.320511 
245 6 59 24.020824 60 56.586217 69 51.923020 119 49.040799 128 5.830952 239 45.221676 
246 8 34 70.114193 64 66.940272 120 47.169906 141 11.704700 142 47.169906 147 51.400389 163 37.483330 249 42.000000 
247 6 144 64.404969 150 44.821870 152 63.505905 165 32.802439 218 17.720045 250 60.440053 
248 3 73 37.483330 201 73.355300 215 26.400758 
249 5 14 24.839485 95 24.758837 120 17.117243 142 17.117243 246 42.000000 
250 8 3 59.682493 58 47.169906 144 76.164296 146 14.764823 165 29.546573 209 72.532751 223 61.269895 247 60.440053 
251 4 115 74.632433 130 55.901699 188 28.861739 233 47.010637 
252 7 73 40.112342 117 27.202941 125 36.878178 212 77.466122 215 50.089919 238 35.383612 255 68.410526 
253 7 52 48.259714 69 44.821870 76 27.073973 111 14.560220 135 63.126856 157 48.166378 213 52.478567 
254 3 73 26.925824 113 50.921508 133 18.867962 
255 5 54 18.027756 125 46.389654 132 14.035669 212 61.098281 252 68.410526 
