1 5 2 30.066593 7 8.944272 10 17.029386 19 24.186773 20 46.097722 
2 5 1 30.066593 7 8.062258 9 35.341194 10 27.802878 16 53.000000 
3 5 4 101.980390 5 32.756679 7 25.298221 13 42.011903 20 54.918121 
4 3 3 101.980390 13 43.011626 14 35.468296 
5 4 3 32.756679 7 13.601471 9 34.539832 13 12.041595 
6 2 17 7.810250 19 16.970563 
7 6 1 8.944272 2 8.062258 3 25.298221 5 13.601471 9 34.539832 20 37.202150 
8 5 9 43.863424 11 90.603532 12 69.526973 13 22.022716 14 31.144823 
9 7 2 35.341194 5 34.539832 7 34.539832 8 43.863424 12 68.249542 13 15.033296 16 53.000000 
10 4 1 17.029386 2 27.802878 17 12.529964 19 12.041595 
11 3 8 90.603532 12 79.309520 15 117.290238 
12 6 8 69.526973 9 68.249542 11 79.309520 15 118.562220 16 62.936476 18 70.936591 
13 6 3 42.011903 4 43.011626 5 12.041595 8 22.022716 9 15.033296 14 33.241540 
14 3 4 35.468296 8 31.144823 13 33.241540 
15 2 11 117.290238 12 118.562220 
16 4 2 53.000000 9 53.000000 12 62.936476 18 74.276510 
17 3 6 7.810250 10 12.529964 19 12.165525 
18 2 12 70.936591 16 74.276510 
19 4 1 24.186773 6 16.970563 10 12.041595 17 12.165525 
20 3 1 46.097722 3 54.918121 7 37.202150 
