1 3 8 252.239965 51 424.199246 72 275.136330 
2 2 47 35.510562 69 55.000000 
3 5 32 299.255743 34 198.403629 51 371.712254 70 351.432782 72 266.908224 
4 6 11 540.259197 30 614.905684 32 336.203807 51 437.010297 57 403.019851 70 397.619165 
5 5 20 316.835920 24 289.084763 36 504.254896 42 412.835318 44 266.627080 
6 7 12 114.490174 13 90.138782 19 26.400758 33 81.049368 58 54.083269 64 221.063339 77 108.577162 
7 5 27 83.240615 71 10.198039 72 164.915130 79 61.846584 80 107.912001 
8 4 1 252.239965 22 217.800367 71 74.672619 72 204.795019 
9 5 15 102.415819 31 145.344419 33 92.913939 58 122.155638 67 222.191359 
10 4 38 321.864878 46 423.562274 64 306.889231 68 409.488706 
11 5 4 540.259197 17 487.294572 30 652.835354 57 403.019851 68 436.702416 
12 7 6 114.490174 13 93.621579 19 39.560081 24 260.432333 44 180.272017 56 147.186956 75 180.235956 
13 4 6 90.138782 12 93.621579 56 146.454771 58 54.424259 
14 3 29 73.600272 31 102.303470 69 73.600272 
15 6 9 102.415819 29 65.855903 31 142.003521 33 28.178006 45 112.641023 66 43.139309 
16 6 21 540.378571 42 434.424907 49 505.558107 55 464.656863 65 399.791196 73 551.598586 
17 5 11 487.294572 46 439.004556 48 376.778449 61 360.501040 68 480.277003 
18 4 32 324.581269 43 230.512473 57 340.177895 59 255.440795 
19 7 6 26.400758 12 39.560081 40 101.636608 44 180.272017 52 40.496913 54 116.361506 77 103.600193 
20 8 5 316.835920 26 264.552452 39 177.019773 40 176.490793 42 412.835318 44 242.835335 54 186.954540 65 358.152202 
21 3 16 540.378571 49 530.450752 73 570.014035 
22 3 8 217.800367 71 60.827625 74 98.762341 
23 5 26 287.506522 35 250.585315 37 234.360833 50 255.440795 65 365.403886 
24 7 5 289.084763 12 260.432333 36 487.124214 44 219.494875 62 396.547601 63 256.204996 75 196.379734 
25 3 28 576.295931 53 636.749558 73 579.827561 
26 5 20 264.552452 23 287.506522 39 170.293864 50 242.711763 65 358.152202 
27 5 7 83.240615 37 162.800491 39 107.424392 79 26.832816 80 115.433964 
28 4 25 576.295931 36 512.141582 42 480.450830 73 555.630273 
29 6 14 73.600272 15 65.855903 31 99.809819 47 28.319605 66 46.861498 69 59.464275 
30 3 4 614.905684 11 652.835354 51 513.935794 
31 4 9 145.344419 14 102.303470 15 142.003521 29 99.809819 
32 7 3 299.255743 4 336.203807 18 324.581269 34 210.544532 57 350.035712 59 239.069028 70 349.322201 
33 7 6 81.049368 9 92.913939 15 28.178006 38 244.675295 45 149.241415 58 76.485293 64 211.981131 
34 6 3 198.403629 32 210.544532 59 239.069028 72 217.788889 76 71.175839 79 91.214034 
35 4 23 250.585315 37 200.010000 60 162.114157 80 134.357731 
36 5 5 504.254896 24 487.124214 28 512.141582 42 463.155481 62 423.604769 
37 6 23 234.360833 27 162.800491 35 200.010000 39 107.912001 50 193.458006 80 135.074054 
38 6 10 321.864878 33 244.675295 45 189.736660 46 369.567315 61 344.396574 64 283.938374 
39 7 20 177.019773 26 170.293864 27 107.424392 37 107.912001 40 99.724621 50 193.458006 79 41.617304 
40 6 19 101.636608 20 176.490793 39 99.724621 52 36.769553 54 185.310550 79 41.617304 
41 3 45 208.201825 47 85.146932 48 341.796723 
42 7 5 412.835318 16 434.424907 20 412.835318 28 480.450830 36 463.155481 65 391.800970 73 551.598586 
43 6 18 230.512473 57 313.129366 59 244.920395 64 287.673426 76 100.284595 77 120.241424 
44 6 5 266.627080 12 180.272017 19 180.272017 20 242.835335 24 219.494875 54 170.856665 
45 8 15 112.641023 33 149.241415 38 189.736660 41 208.201825 47 84.172442 48 308.870523 61 299.401069 66 43.139309 
46 5 10 423.562274 17 439.004556 38 369.567315 61 344.396574 68 443.380198 
47 6 2 35.510562 29 28.319605 41 85.146932 45 84.172442 66 50.803543 69 53.254108 
48 4 17 376.778449 41 341.796723 45 308.870523 61 359.011142 
49 3 16 505.558107 21 530.450752 55 515.539523 
50 4 23 255.440795 26 242.711763 37 193.458006 39 193.458006 
51 6 1 424.199246 3 371.712254 4 437.010297 30 513.935794 70 397.619165 72 282.639346 
52 5 19 40.496913 40 36.769553 76 36.400549 77 106.667708 79 36.878178 
53 2 25 636.749558 73 597.766677 
54 4 19 116.361506 20 186.954540 40 185.310550 44 170.856665 
55 3 16 464.656863 49 515.539523 65 416.183854 
56 4 12 147.186956 13 146.454771 58 77.233412 75 162.732910 
57 7 4 403.019851 11 403.019851 18 340.177895 32 350.035712 43 313.129366 64 292.965868 68 432.297351 
58 7 6 54.083269 9 122.155638 13 54.424259 33 76.485293 56 77.233412 67 222.191359 75 134.525091 
59 5 18 255.440795 32 239.069028 34 239.069028 43 244.920395 76 100.284595 
60 4 35 162.114157 71 43.174066 74 48.259714 80 111.516815 
61 5 17 360.501040 38 344.396574 45 299.401069 46 344.396574 48 359.011142 
62 4 24 396.547601 36 423.604769 63 313.753088 78 350.018571 
63 5 24 256.204996 62 313.753088 67 231.814581 75 189.023808 78 349.313613 
64 8 6 221.063339 10 306.889231 33 211.981131 38 283.938374 43 287.673426 57 292.965868 68 382.196285 77 159.326708 
65 6 16 399.791196 20 358.152202 23 365.403886 26 358.152202 42 391.800970 55 416.183854 
66 4 15 43.139309 29 46.861498 45 43.139309 47 50.803543 
67 5 9 222.191359 58 222.191359 63 231.814581 75 168.671278 78 322.397270 
68 6 10 409.488706 11 436.702416 17 480.277003 46 443.380198 57 432.297351 64 382.196285 
69 4 2 55.000000 14 73.600272 29 59.464275 47 53.254108 
70 4 3 351.432782 4 397.619165 32 349.322201 51 397.619165 
71 7 7 10.198039 8 74.672619 22 60.827625 60 43.174066 72 168.751296 74 29.966648 80 111.516815 
72 8 1 275.136330 3 266.908224 7 164.915130 8 204.795019 34 217.788889 51 282.639346 71 168.751296 79 62.769419 
73 6 16 551.598586 21 570.014035 25 579.827561 28 555.630273 42 551.598586 53 597.766677 
74 3 22 98.762341 60 48.259714 71 29.966648 
75 6 12 180.235956 24 196.379734 56 162.732910 58 134.525091 63 189.023808 67 168.671278 
76 6 34 71.175839 43 100.284595 52 36.400549 59 100.284595 77 120.241424 79 68.352030 
77 6 6 108.577162 19 103.600193 43 120.241424 52 106.667708 64 159.326708 76 120.241424 
78 3 62 350.018571 63 349.313613 67 322.397270 
79 8 7 61.846584 27 26.832816 34 91.214034 39 41.617304 40 41.617304 52 36.878178 72 62.769419 76 68.352030 
80 6 7 107.912001 27 115.433964 35 134.357731 37 135.074054 60 111.516815 71 111.516815 
