1 3 117 604.156437 141 698.627225 189 757.551978 
2 5 75 341.180304 99 595.989933 192 484.066111 207 640.006250 244 456.747195 
3 6 27 183.741666 55 67.955868 86 77.388630 118 98.234414 170 65.436993 228 145.340978 
4 6 54 198.403629 77 217.414351 85 203.973037 111 303.369412 122 296.204321 201 273.117191 
5 6 55 38.897301 69 154.870914 123 125.717938 169 78.847955 170 41.976184 241 153.495928 
6 9 47 416.601728 56 590.702971 103 288.124973 125 536.302154 155 540.300842 182 633.221130 190 319.828079 212 601.998339 242 282.115225 
7 5 43 92.048900 96 87.132084 139 27.073973 179 141.315250 199 38.275318 
8 6 26 30.479501 65 348.852404 70 194.239543 112 32.802439 143 52.392748 151 219.658826 
9 5 106 422.933801 123 198.214530 161 288.402497 190 303.199604 219 378.652875 
10 4 102 737.520847 137 796.354193 229 911.741191 253 755.937167 
11 7 77 212.249853 164 355.562934 201 273.117191 203 189.620674 228 188.215302 247 185.601724 248 301.942047 
12 5 83 1189.596570 116 1306.210167 180 1211.042526 186 1313.129468 249 1290.555307 
13 4 46 58.694122 89 78.294317 154 243.655494 225 108.577162 
14 7 17 88.192970 54 134.164079 63 192.509740 81 39.962482 108 77.929455 130 31.953091 156 31.827661 
15 7 58 705.070918 74 618.142378 92 809.227409 105 732.563990 132 759.813135 135 814.948465 158 580.007759 
16 6 18 797.898490 76 652.405549 84 614.586040 87 709.126928 88 940.341427 153 680.077201 
17 4 14 88.192970 63 204.156802 130 63.953108 171 250.281841 
18 6 16 797.898490 87 756.625403 88 937.004269 110 881.762440 144 710.769302 173 788.769295 
19 5 30 1148.157219 79 1211.472245 172 1187.461578 210 963.680964 235 1085.476854 
20 6 53 818.860183 119 947.350516 146 932.931402 149 881.065264 189 760.313751 208 844.588657 
21 4 30 1142.345394 79 1220.532671 165 1085.147916 202 1163.706578 
22 6 24 340.834271 65 376.872658 80 191.671594 93 206.649462 128 263.774525 151 235.476113 
23 3 82 358.871843 164 379.748601 246 542.885808 
24 7 22 340.834271 49 451.189539 65 387.569349 101 494.292424 128 282.226859 140 351.454122 255 318.210622 
25 4 41 240.010416 98 261.874016 179 185.261977 217 204.384442 
26 6 8 30.479501 43 92.048900 70 193.829822 112 56.356011 199 89.554453 223 131.529464 
27 9 3 183.741666 86 99.317672 107 282.453536 127 333.024023 139 62.169124 179 143.265488 217 166.532279 227 320.412234 228 192.875608 
28 5 78 299.736551 90 477.066033 98 275.786149 121 430.628610 176 317.674362 
29 6 42 402.733162 128 257.402409 168 236.516384 194 388.603911 226 225.842866 255 294.742260 
30 5 19 1148.157219 21 1142.345394 79 1208.698887 165 1032.593821 210 962.938212 
31 5 35 750.976032 59 822.389810 113 746.706100 182 700.357052 243 688.967343 
32 5 45 335.475782 60 357.015406 131 387.671252 138 443.644001 251 220.220344 
33 6 65 401.383856 70 265.580496 121 390.436935 129 423.680304 200 272.501376 234 515.450289 
34 6 53 748.890513 72 506.119551 101 551.588615 126 550.537919 141 686.662217 189 736.533774 
35 5 31 750.976032 59 807.106560 71 748.419668 182 700.357052 212 640.663718 
36 4 110 875.416472 137 812.465999 142 934.229629 173 823.867101 
37 8 90 561.633332 102 708.593678 137 781.944371 144 661.460505 152 582.979416 173 781.944371 220 600.337405 253 749.534522 
38 6 66 429.634729 147 507.734182 155 551.119769 192 455.455816 231 384.751868 250 565.000000 
39 4 104 60.464866 163 17.117243 169 24.186773 247 129.495174 
40 4 185 604.405493 197 652.022239 215 432.085640 216 401.004988 
41 4 25 240.010416 98 261.874016 107 281.168988 217 213.178329 
42 7 29 402.733162 72 468.318268 117 530.396078 140 376.191441 194 388.603911 232 531.906947 255 348.932658 
43 7 7 92.048900 26 92.048900 70 208.925824 78 281.000000 179 169.144908 199 43.829214 200 227.622494 
44 7 53 748.890513 101 596.792259 102 727.043327 149 886.713031 181 972.629940 229 902.372429 234 632.260231 
45 6 32 335.475782 60 326.105811 91 246.629276 109 165.484138 150 178.339564 251 216.889373 
46 4 13 58.694122 89 41.593269 150 102.200783 211 33.837849 
47 6 6 416.601728 64 263.058929 66 422.654705 115 346.493867 155 524.569347 242 282.973497 
48 7 62 140.929060 73 232.774569 91 264.024620 94 103.237590 148 70.007142 160 74.027022 195 233.173755 
49 4 24 451.189539 72 488.652228 101 503.835291 140 390.691694 
50 5 59 848.759094 71 756.452907 157 894.637916 165 1003.299058 252 975.211259 
51 4 136 360.848999 154 299.714864 194 473.016913 232 566.414159 
52 4 136 392.168331 168 247.111311 194 363.452886 224 215.870331 
53 6 20 818.860183 34 748.890513 44 748.890513 101 614.545360 149 854.070840 189 736.533774 
54 7 4 198.403629 14 134.164079 81 65.513357 85 196.328806 122 298.026844 156 63.906181 167 140.064271 
55 6 3 67.955868 5 38.897301 104 52.201533 118 74.632433 169 22.135944 170 42.449971 
56 5 6 590.702971 58 649.877681 125 553.336245 182 675.296231 243 659.120626 
57 6 127 412.534847 133 575.758630 153 604.292975 174 454.670210 227 408.721176 246 534.597045 
58 7 15 705.070918 56 649.877681 74 685.825780 125 557.850338 135 808.282748 193 674.436802 243 667.514794 
59 7 31 822.389810 35 807.106560 50 848.759094 71 749.146848 113 784.404233 120 867.522910 157 891.174506 
60 6 32 357.015406 45 326.105811 75 417.603879 91 359.484353 99 551.805219 138 470.935240 
61 4 64 247.517676 175 139.463257 230 231.294185 239 201.159141 
62 7 48 140.929060 73 248.917657 75 307.375991 114 198.345658 160 33.060551 175 97.046381 213 154.466825 
63 7 14 192.509740 17 204.156802 108 77.929455 169 96.317184 171 291.341724 204 248.429064 216 356.113746 
64 7 47 263.058929 61 247.517676 115 325.788275 196 147.135992 230 239.200753 239 179.605122 242 231.138487 
65 8 8 348.852404 22 376.872658 24 387.569349 33 401.383856 70 273.117191 101 505.127707 151 245.660335 234 515.450289 
66 5 38 429.634729 47 422.654705 115 350.796237 155 523.927476 231 357.896633 
67 6 83 1154.053725 124 1191.119222 181 1011.329818 183 1049.423651 229 991.365220 249 1256.796722 
68 4 113 772.627983 120 903.692426 135 864.126148 159 926.492310 
69 5 5 154.870914 169 85.615419 178 224.243172 204 210.040472 241 175.641681 
70 6 8 194.239543 26 193.829822 33 265.580496 43 208.925824 65 273.117191 200 219.127817 
71 6 35 748.419668 50 756.452907 59 749.146848 205 842.750260 212 640.663718 252 971.321265 
72 7 34 506.119551 42 468.318268 49 488.652228 101 520.985604 117 530.396078 126 550.537919 140 401.123422 
73 4 48 232.774569 62 248.917657 75 331.903600 91 307.683279 
74 5 15 618.142378 58 685.825780 100 538.755974 158 566.315283 193 633.695510 
75 8 2 341.180304 60 417.603879 62 307.375991 73 331.903600 91 320.220237 99 560.365060 114 265.277213 244 375.644779 
76 4 16 652.405549 84 547.448628 133 573.589575 153 627.204114 
77 5 4 217.414351 11 212.249853 85 187.448660 201 273.117191 203 172.002907 
78 6 28 299.736551 43 281.000000 98 265.966163 121 405.927333 179 222.623000 200 244.493354 
79 4 19 1211.472245 21 1220.532671 30 1208.698887 172 1273.571749 
80 6 22 191.671594 93 205.182845 151 193.458006 160 56.035703 162 95.015788 222 72.069411 
81 7 14 39.962482 54 65.513357 108 25.059928 163 43.462628 167 139.517024 203 138.679487 247 130.510536 
82 5 23 358.871843 111 309.870941 122 330.938061 164 368.761441 201 305.679571 
83 7 12 1189.596570 67 1154.053725 180 1193.716884 181 1063.300992 188 1094.604952 249 1252.056309 254 1122.196507 
84 8 16 614.586040 76 547.448628 87 709.126928 133 522.693983 134 522.273875 152 503.441158 174 466.138391 176 398.101746 
85 5 4 203.973037 54 196.328806 77 187.448660 167 169.035499 203 157.136883 
86 4 3 77.388630 27 99.317672 139 39.623226 170 50.803543 
87 5 16 709.126928 18 756.625403 84 709.126928 134 611.203730 144 678.384109 
88 5 16 940.341427 18 937.004269 110 881.762440 187 946.875388 240 1081.917280 
89 5 13 78.294317 46 41.593269 150 102.786186 225 102.415819 233 43.416587 
90 7 28 477.066033 37 561.633332 121 430.628610 129 472.558991 152 500.257933 176 391.843081 220 569.958770 
91 7 45 246.629276 48 264.024620 60 359.484353 73 307.683279 75 320.220237 109 165.484138 195 233.805475 
92 6 15 809.227409 132 799.182082 135 881.422714 177 877.601846 198 815.517627 214 941.414361 
93 5 22 206.649462 80 205.182845 128 247.145706 162 127.314571 166 156.977705 
94 5 48 103.237590 109 140.356688 148 48.010416 191 19.104973 195 221.686716 
95 5 97 151.489274 103 203.147729 123 173.415686 190 230.950211 218 126.506917 
96 7 7 87.132084 97 101.242284 103 191.470624 139 37.483330 199 38.275318 218 146.577624 223 208.405854 
97 5 95 151.489274 96 101.242284 123 158.549677 139 75.960516 218 125.251746 
98 7 25 261.874016 28 275.786149 41 261.874016 78 265.966163 107 297.793553 176 330.024242 179 207.562039 
99 5 2 595.989933 60 551.805219 75 560.365060 138 532.710991 207 687.517273 
100 5 74 538.755974 106 453.379532 158 528.923435 193 589.211337 219 435.835978 
101 8 24 494.292424 34 551.588615 44 596.792259 49 503.835291 53 614.545360 65 505.127707 72 520.985604 234 572.070800 
102 7 10 737.520847 37 708.593678 44 727.043327 220 634.553386 229 902.372429 234 618.618622 253 716.330929 
103 7 6 288.124973 95 203.147729 96 191.470624 190 237.008439 218 157.267288 223 212.002358 242 280.401498 
104 4 39 60.464866 55 52.201533 118 78.873316 247 131.548470 
105 6 15 732.563990 132 773.638158 158 580.007759 185 661.910115 198 790.565620 206 764.398456 
106 6 9 422.933801 100 453.379532 125 511.976562 190 304.021381 193 583.246946 219 421.722658 
107 7 27 282.453536 41 281.168988 98 297.793553 127 333.024023 174 413.087158 176 355.759750 217 213.925221 
108 5 14 77.929455 63 77.929455 81 25.059928 163 17.117243 169 80.777472 
109 8 45 165.484138 91 165.484138 94 140.356688 150 168.442869 191 46.097722 195 222.847481 233 39.446166 245 37.013511 
110 6 18 881.762440 36 875.416472 88 881.762440 142 942.605432 173 813.174028 187 946.176516 
111 4 4 303.369412 82 309.870941 122 321.278695 201 286.483856 
112 6 8 32.802439 26 56.356011 143 50.289164 196 109.402925 223 109.836242 242 168.585290 
113 6 31 746.706100 59 784.404233 68 772.627983 120 862.102082 135 817.633781 243 717.772248 
114 7 62 198.345658 75 265.277213 145 178.361991 213 162.889533 230 241.602980 231 318.449368 244 373.209057 
115 5 47 346.493867 64 325.788275 66 350.796237 230 240.800748 231 355.731640 
116 4 12 1306.210167 186 1345.107431 238 1331.482257 249 1307.442159 
117 6 1 604.156437 42 530.396078 72 530.396078 126 545.134846 141 665.408145 232 531.906947 
118 5 3 98.234414 55 74.632433 104 78.873316 228 156.847059 247 139.402296 
119 6 20 947.350516 146 937.083241 149 908.207025 181 994.820587 188 1064.552958 254 1082.405654 
120 7 59 867.522910 68 903.692426 113 862.102082 157 874.757109 159 934.148275 210 941.605544 235 1008.953914 
121 6 28 430.628610 33 390.436935 78 405.927333 90 430.628610 129 445.659063 200 299.252402 
122 4 4 296.204321 54 298.026844 82 330.938061 111 321.278695 
123 9 5 125.717938 9 198.214530 95 173.415686 97 158.549677 139 50.774009 161 233.025750 170 57.982756 190 243.248844 241 177.654158 
124 4 67 1191.119222 238 1312.539523 240 1138.568399 249 1296.159327 
125 6 6 536.302154 56 553.336245 58 557.850338 106 511.976562 190 319.828079 193 595.927848 
126 4 34 550.537919 72 550.537919 117 545.134846 141 666.081827 
127 5 27 333.024023 57 412.534847 107 333.024023 174 436.642875 227 341.672358 
128 7 22 263.774525 24 282.226859 29 257.402409 93 247.145706 166 183.403926 226 203.769478 255 318.210622 
129 5 33 423.680304 90 472.558991 121 445.659063 220 569.289030 234 520.999040 
130 3 14 31.953091 17 63.953108 156 22.803509 
131 3 32 387.671252 138 446.950780 251 222.733024 
132 4 15 759.813135 92 799.182082 105 773.638158 198 795.495443 
133 5 57 575.758630 76 573.589575 84 522.693983 153 608.389678 174 480.837810 
134 4 84 522.273875 87 611.203730 144 665.475770 152 512.508537 
135 8 15 814.948465 58 808.282748 68 864.126148 92 881.422714 113 817.633781 159 933.449517 214 937.281708 243 714.773391 
136 5 51 360.848999 52 392.168331 154 289.352726 194 415.896622 224 242.989712 
137 7 10 796.354193 36 812.465999 37 781.944371 142 917.038712 173 782.623792 229 919.184965 253 749.534522 
138 4 32 443.644001 60 470.935240 99 532.710991 131 446.950780 
139 8 7 27.073973 27 62.169124 86 39.623226 96 37.483330 97 75.960516 123 50.774009 170 54.561891 179 142.863571 
140 5 24 351.454122 42 376.191441 49 390.691694 72 401.123422 255 323.867257 
141 5 1 698.627225 34 686.662217 117 665.408145 126 666.081827 189 729.246872 
142 7 36 934.229629 110 942.605432 137 917.038712 183 1036.618541 187 955.303617 229 925.328050 240 1079.878697 
143 6 8 52.392748 112 50.289164 151 202.272094 196 65.620119 209 63.505905 222 35.693137 
144 6 18 710.769302 37 661.460505 87 678.384109 134 665.475770 152 585.226452 173 788.083752 
145 4 114 178.361991 175 139.463257 213 126.605687 230 198.070694 
146 4 20 932.931402 119 937.083241 208 884.046379 254 1076.944753 
147 5 38 507.734182 192 455.455816 205 728.157263 207 679.299639 250 548.831486 
148 7 48 70.007142 94 48.010416 160 37.054015 162 80.498447 166 124.779806 191 24.207437 236 134.614264 
149 5 20 881.065264 44 886.713031 53 854.070840 119 908.207025 181 973.293378 
150 7 45 178.339564 46 102.200783 89 102.786186 109 168.442869 211 44.283180 233 50.990195 251 204.611828 
151 6 8 219.658826 22 235.476113 65 245.660335 80 193.458006 143 202.272094 222 105.004762 
152 6 37 582.979416 84 503.441158 90 500.257933 134 512.508537 144 585.226452 176 400.464730 
153 5 16 680.077201 57 604.292975 76 627.204114 133 608.389678 246 596.161891 
154 5 13 243.655494 51 299.714864 136 289.352726 224 196.580772 225 162.754416 
155 7 6 540.300842 38 551.119769 47 524.569347 66 523.927476 205 743.648438 212 618.932145 250 620.725382 
156 3 14 31.827661 54 63.906181 130 22.803509 
157 5 50 894.637916 59 891.174506 120 874.757109 165 1018.847388 210 915.000546 
158 7 15 580.007759 74 566.315283 100 528.923435 105 580.007759 185 604.405493 219 436.589052 221 551.391875 
159 5 68 926.492310 120 934.148275 135 933.449517 214 987.413794 235 1045.813081 
160 7 48 74.027022 62 33.060551 80 56.035703 148 37.054015 162 94.366308 175 93.048375 222 39.824616 
161 6 9 288.402497 123 233.025750 178 277.838082 215 372.206932 219 372.206932 241 228.319951 
162 5 80 95.015788 93 127.314571 148 80.498447 160 94.366308 166 150.748134 
163 5 39 17.117243 81 43.462628 108 17.117243 169 42.544095 247 129.495174 
164 7 11 355.562934 23 379.748601 82 368.761441 201 316.835920 227 376.350900 246 539.037104 248 311.332620 
165 7 21 1085.147916 30 1032.593821 50 1003.299058 157 1018.847388 202 1115.887091 210 962.195926 252 1035.282570 
166 6 93 156.977705 128 183.403926 148 124.779806 162 150.748134 226 200.142449 236 139.942845 
167 4 54 140.064271 81 139.517024 85 169.035499 203 138.679487 
168 7 29 236.516384 52 247.111311 194 363.452886 224 171.604196 226 214.219514 236 182.877008 245 97.416631 
169 8 5 78.847955 39 24.186773 55 22.135944 63 96.317184 69 85.615419 108 80.777472 163 42.544095 204 173.643313 
170 6 3 65.436993 5 41.976184 55 42.449971 86 50.803543 123 57.982756 139 54.561891 
171 3 17 250.281841 63 291.341724 216 386.700142 
172 3 19 1187.461578 79 1273.571749 235 1112.145674 
173 6 18 788.769295 36 823.867101 37 781.944371 110 813.174028 137 782.623792 144 788.083752 
174 6 57 454.670210 84 466.138391 107 413.087158 127 436.642875 133 480.837810 176 387.963916 
175 9 61 139.463257 62 97.046381 145 139.463257 160 93.048375 209 113.159180 213 126.605687 222 43.011626 230 184.910789 239 163.517583 
176 7 28 317.674362 84 398.101746 90 391.843081 98 330.024242 107 355.759750 152 400.464730 174 387.963916 
177 4 92 877.601846 198 804.018035 206 797.050814 214 960.255174 
178 6 69 224.243172 161 277.838082 204 241.205307 215 365.301246 216 312.929705 241 215.411235 
179 8 7 141.315250 25 185.261977 27 143.265488 43 169.144908 78 222.623000 98 207.562039 139 142.863571 217 154.155765 
180 4 12 1211.042526 83 1193.716884 186 1286.732684 254 1130.761248 
181 7 44 972.629940 67 1011.329818 83 1063.300992 119 994.820587 149 973.293378 188 1092.480206 229 934.975936 
182 6 6 633.221130 31 700.357052 35 700.357052 56 675.296231 212 629.350459 243 682.463918 
183 4 67 1049.423651 142 1036.618541 229 965.991718 240 1080.557726 
184 3 202 1122.899817 237 917.078514 252 1071.520882 
185 6 40 604.405493 105 661.910115 158 604.405493 197 671.151995 206 728.308314 221 521.862051 
186 3 12 1313.129468 116 1345.107431 180 1286.732684 
187 4 88 946.875388 110 946.176516 142 955.303617 240 1081.917280 
188 4 83 1094.604952 119 1064.552958 181 1092.480206 254 1103.859140 
189 6 1 757.551978 20 760.313751 34 736.533774 53 736.533774 141 729.246872 208 827.589874 
190 7 6 319.828079 9 303.199604 95 230.950211 103 237.008439 106 304.021381 123 243.248844 125 319.828079 
191 5 94 19.104973 109 46.097722 148 24.207437 236 124.723695 245 32.202484 
192 6 2 484.066111 38 455.455816 147 455.455816 207 652.108120 231 383.220563 244 407.492331 
193 5 58 674.436802 74 633.695510 100 589.211337 106 583.246946 125 595.927848 
194 7 29 388.603911 42 388.603911 51 473.016913 52 363.452886 136 415.896622 168 363.452886 232 524.650360 
195 4 48 233.173755 91 233.805475 94 221.686716 109 222.847481 
196 6 64 147.135992 112 109.402925 143 65.620119 209 109.859001 239 179.605122 242 193.414064 
197 3 40 652.022239 185 671.151995 206 757.314334 
198 5 92 815.517627 105 790.565620 132 795.495443 177 804.018035 206 785.301216 
199 5 7 38.275318 26 89.554453 43 43.829214 96 38.275318 223 148.838839 
200 5 33 272.501376 43 227.622494 70 219.127817 78 244.493354 121 299.252402 
201 6 4 273.117191 11 273.117191 77 273.117191 82 305.679571 111 286.483856 164 316.835920 
202 4 21 1163.706578 165 1115.887091 184 1122.899817 252 1035.282570 
203 6 11 189.620674 77 172.002907 81 138.679487 85 157.136883 167 138.679487 247 131.026715 
204 5 63 248.429064 69 210.040472 169 173.643313 178 241.205307 216 312.929705 
205 8 71 842.750260 147 728.157263 155 743.648438 207 697.943407 212 709.226339 237 894.230395 250 620.725382 252 987.008105 
206 5 105 764.398456 177 797.050814 185 728.308314 197 757.314334 198 785.301216 
207 6 2 640.006250 99 687.517273 147 679.299639 192 652.108120 205 697.943407 237 826.849442 
208 3 20 844.588657 146 884.046379 189 827.589874 
209 5 143 63.505905 175 113.159180 196 109.859001 222 37.336309 239 159.201131 
210 6 19 963.680964 30 962.938212 120 941.605544 157 915.000546 165 962.195926 235 1011.685722 
211 3 46 33.837849 150 44.283180 251 140.292551 
212 6 6 601.998339 35 640.663718 71 640.663718 155 618.932145 182 629.350459 205 709.226339 
213 4 62 154.466825 114 162.889533 145 126.605687 175 126.605687 
214 5 92 941.414361 135 937.281708 159 987.413794 177 960.255174 235 1076.707946 
215 6 40 432.085640 161 372.206932 178 365.301246 216 382.001309 219 452.624568 221 521.862051 
216 6 40 401.004988 63 356.113746 171 386.700142 178 312.929705 204 312.929705 215 382.001309 
217 5 25 204.384442 27 166.532279 41 213.178329 107 213.925221 179 154.155765 
218 4 95 126.506917 96 146.577624 97 125.251746 103 157.267288 
219 7 9 378.652875 100 435.835978 106 421.722658 158 436.589052 161 372.206932 215 452.624568 221 511.453810 
220 5 37 600.337405 90 569.958770 102 634.553386 129 569.289030 234 536.253671 
221 4 158 551.391875 185 521.862051 215 521.862051 219 511.453810 
222 6 80 72.069411 143 35.693137 151 105.004762 160 39.824616 175 43.011626 209 37.336309 
223 6 26 131.529464 96 208.405854 103 212.002358 112 109.836242 199 148.838839 242 241.400083 
224 6 52 215.870331 136 242.989712 154 196.580772 168 171.604196 225 109.224539 245 87.920419 
225 6 13 108.577162 89 102.415819 154 162.754416 224 109.224539 233 35.735137 245 32.649655 
226 5 29 225.842866 128 203.769478 166 200.142449 168 214.219514 236 150.602125 
227 7 27 320.412234 57 408.721176 127 341.672358 164 376.350900 228 223.033630 246 534.597045 248 315.753068 
228 7 3 145.340978 11 188.215302 27 192.875608 118 156.847059 227 223.033630 247 150.814456 248 269.875897 
229 8 10 911.741191 44 902.372429 67 991.365220 102 902.372429 137 919.184965 142 925.328050 181 934.975936 183 965.991718 
230 7 61 231.294185 64 239.200753 114 241.602980 115 240.800748 145 198.070694 175 184.910789 231 315.317301 
231 7 38 384.751868 66 357.896633 114 318.449368 115 355.731640 192 383.220563 230 315.317301 244 405.444201 
232 4 42 531.906947 51 566.414159 117 531.906947 194 524.650360 
233 5 89 43.416587 109 39.446166 150 50.990195 225 35.735137 245 29.274562 
234 7 33 515.450289 44 632.260231 65 515.450289 101 572.070800 102 618.618622 129 520.999040 220 536.253671 
235 6 19 1085.476854 120 1008.953914 159 1045.813081 172 1112.145674 210 1011.685722 214 1076.707946 
236 6 148 134.614264 166 139.942845 168 182.877008 191 124.723695 226 150.602125 245 82.280010 
237 4 184 917.078514 205 894.230395 207 826.849442 252 1007.077455 
238 3 116 1331.482257 124 1312.539523 249 1296.861596 
239 5 61 201.159141 64 179.605122 175 163.517583 196 179.605122 209 159.201131 
240 5 88 1081.917280 124 1138.568399 142 1079.878697 183 1080.557726 187 1081.917280 
241 5 5 153.495928 69 175.641681 123 177.654158 161 228.319951 178 215.411235 
242 7 6 282.115225 47 282.973497 64 231.138487 103 280.401498 112 168.585290 196 193.414064 223 241.400083 
243 6 31 688.967343 56 659.120626 58 667.514794 113 717.772248 135 714.773391 182 682.463918 
244 5 2 456.747195 75 375.644779 114 373.209057 192 407.492331 231 405.444201 
245 7 109 37.013511 168 97.416631 191 32.202484 224 87.920419 225 32.649655 233 29.274562 236 82.280010 
246 5 23 542.885808 57 534.597045 153 596.161891 164 539.037104 227 534.597045 
247 8 11 185.601724 39 129.495174 81 130.510536 104 131.548470 118 139.402296 163 129.495174 203 131.026715 228 150.814456 
248 4 11 301.942047 164 311.332620 227 315.753068 228 269.875897 
249 6 12 1290.555307 67 1256.796722 83 1252.056309 116 1307.442159 124 1296.159327 238 1296.861596 
250 4 38 565.000000 147 548.831486 155 620.725382 205 620.725382 
251 5 32 220.220344 45 216.889373 131 222.733024 150 204.611828 211 140.292551 
252 7 50 975.211259 71 971.321265 165 1035.282570 184 1071.520882 202 1035.282570 205 987.008105 237 1007.077455 
253 4 10 755.937167 37 749.534522 102 716.330929 137 749.534522 
254 5 83 1122.196507 119 1082.405654 146 1076.944753 180 1130.761248 188 1103.859140 
255 5 24 318.210622 29 294.742260 42 348.932658 128 318.210622 140 323.867257 
