500 500
36
341.9713234439484 353.468629448349 0.0363834854639864 0.766744201271154 0.9974165756388265 42.00839033488222
276.49923604987737 463.1315778825846 0.9912694130238318 0.2520598078455597 0.8481975142976592 38.60069250774702
449.3324257228492 304.421872297048 0.8112614043427747 0.10636686390040995 0.22102471660965384 46.5270117817592
47.87821912080541 216.30315602864698 0.5290724156182132 0.4697306751807423 0.4049834660595327 36.082422566662736
494.81800343050725 101.08271185028265 0.48712741123673686 0.049577409251655324 0.7587583398637355 30.445185330473684
283.0826818218897 36.78304744573304 0.7390240414688659 0.9177954875701959 0.2517448416402377 30.475744273717847
91.22531060826694 257.98002386099876 0.2996318837060823 0.8810381422081286 0.658050063942101 34.965661765966175
137.94430070888154 172.44393314280404 0.3776504891947211 0.1915464298286914 0.742138746235431 45.80629386639209
221.99407533645362 9.986140088259045 0.46760109898565994 0.6092585791144438 0.8849655669518595 42.65918659465557
208.29174161842232 23.142225920171242 0.748459832588131 0.8067681901227274 0.3579955142902146 34.10404311309621
159.31375418077894 157.26869844845245 0.641030555812166 0.16074614326209935 0.3022801829492068 31.630407350794766
86.61775596518034 11.766837726877455 0.6719071743413277 0.8357104507730531 0.8166831157386429 39.75681287374839
206.0980516376832 145.67098854780718 0.30385258815410343 0.4380125145780449 0.08246298718957312 36.742069352254646
354.00109753593966 82.4994444401566 0.6216537906752686 0.0910294090910766 0.29412943299593874 45.55895824589702
155.14336121446348 437.9940301450237 0.320312064137834 0.9036219141640833 0.8932515983175063 48.86903722897115
5.32141017108194 74.1273240996917 0.6511561355807746 0.49238635699358313 0.12053928969641337 41.79638167931832
337.973135908771 55.83741598541774 0.35486711725114883 0.1584563745563049 0.1829172243305751 38.16295469047013
52.897990951433584 148.66941199697115 0.6344630460826222 0.6403229014693521 0.788748648074494 30.700427310353923
154.51110023591892 164.34856289795889 0.008889842561289663 0.9418053534260189 0.547319456473035 47.798969621708366
367.6686966567229 324.9987051311782 0.1137930869822048 0.8815626442112457 0.19673844857142486 32.458817511836685
423.3146923064875 127.20917308771081 0.8872844769062012 0.5417166541680314 0.5830570524387116 32.38929755074698
479.8028167134429 189.14363243663186 0.47490856601866716 0.936313599122432 0.5490675693358207 44.63820569092412
91.34146082512841 82.13119171785661 0.03983869708115617 0.17508037004998778 0.5167313395484155 33.71087565288741
189.9115460668844 53.752862573205505 0.05129660864294405 0.1023446718043367 0.1896061717895029 31.88540798786804
61.77008164377543 54.19726123466374 0.46674989221254726 0.7168950056678407 0.23688354875041873 45.5580914668085
124.93194550827522 402.0614143610163 0.5920042728763268 0.8924647575873209 0.8970489057080823 32.74606749663207
129.3382544168663 101.36299353417736 0.5841197070259356 0.5806045618590525 0.07699480652053448 32.119216914744186
299.38094593652085 404.1691657536173 0.5427469166241771 0.15208422471576366 0.6526973997116123 33.22441838421276
130.97369547536994 386.2062472747996 0.12391139992628619 0.3663130797943872 0.7821724158320938 40.52811891919218
263.1488352968691 361.93931266758665 0.8397069109952089 0.13371786490278625 0.541840535037866 47.2151815652185
92.22934894248658 84.43373681189026 0.12472890081052723 0.7860117273807765 0.3331930377975557 46.97046541125918
115.57853158375744 115.11760900614124 0.20432984467423854 0.11887698835118832 0.48030738706412124 40.67904604541185
401.7206793593761 88.5430271362088 0.08762326639400975 0.41307614116468816 0.14987530510490454 37.0115264800893
396.61874986132887 227.41871884561914 0.3435518336369253 0.9969821341090693 0.17777421772769597 36.80472737001426
13.265509274833931 244.7655409862644 0.1616985824798124 0.12164296882748071 0.19639896796316292 38.96933518821831
24.360481106818945 352.8973207983654 0.35973778536242107 0.4416973564061739 0.8750561055550766 34.6709577020362
558
268.36194321027 403.96259704256727 283.56231407901964 401.4953086340793
283.56231407901964 401.4953086340793 296.1601726283862 407.1966317244937
296.1601726283862 407.1966317244937 293.49716923881726 419.8411294407835
293.49716923881726 419.8411294407835 287.07380988704216 427.19235921825384
287.07380988704216 427.19235921825384 275.96928586404755 429.0445193502519
275.96928586404755 429.0445193502519 264.6553860246256 419.8627899095828
264.6553860246256 419.8627899095828 268.36194321027 403.96259704256727
434.3661752502895 106.39075489690421 456.0602405795427 102.33447065913462
456.0602405795427 102.33447065913462 448.8128875538767 130.156206458446
448.8128875538767 130.156206458446 432.0521176132965 116.9286997881015
432.0521176132965 116.9286997881015 434.3661752502895 106.39075489690421
149.9056000322822 66.01217152083193 141.4591861816835 83.51555603487635
141.4591861816835 83.51555603487635 123.78446357727094 75.25552739755813
123.78446357727094 75.25552739755813 123.2652842163249 57.95008971385223
123.2652842163249 57.95008971385223 131.62482544738987 49.20722786302911
131.62482544738987 49.20722786302911 139.6576318358819 40.68624068751971
139.6576318358819 40.68624068751971 151.30234403073004 45.320992663778966
151.30234403073004 45.320992663778966 164.05756563035663 56.23422030850236
164.05756563035663 56.23422030850236 149.9056000322822 66.01217152083193
241.64142201309372 213.14571135223895 226.71565824957378 222.38968835269114
226.71565824957378 222.38968835269114 212.61619953134368 232.6260386310281
212.61619953134368 232.6260386310281 179.77760062986127 233.81679689629237
179.77760062986127 233.81679689629237 183.29290092258768 201.8863164960259
183.29290092258768 201.8863164960259 198.93201741611614 181.31945642257028
198.93201741611614 181.31945642257028 221.1426838699262 188.4400270725899
221.1426838699262 188.4400270725899 257.6809396530078 181.11589189948396
257.6809396530078 181.11589189948396 241.64142201309372 213.14571135223895
47.10340778806882 104.37826994606948 49.116945980086186 72.44940685519698
49.116945980086186 72.44940685519698 75.05863474926963 86.7750855680782
75.05863474926963 86.7750855680782 72.9693094790468 110.3288166742626
72.9693094790468 110.3288166742626 47.10340778806882 104.37826994606948
337.8127918550203 470.52573775888635 329.95511446219996 455.01662913405033
329.95511446219996 455.01662913405033 347.04248438502975 451.6091081780231
347.04248438502975 451.6091081780231 361.3825747645348 448.76368662921374
361.3825747645348 448.76368662921374 371.35639706904016 462.9438535377902
371.35639706904016 462.9438535377902 358.6418975992433 473.34771633044807
358.6418975992433 473.34771633044807 347.46669384155024 479.5367563056083
347.46669384155024 479.5367563056083 337.8127918550203 470.52573775888635
92.62004028058709 338.9889808631232 45.164855299319804 368.86354239730804
45.164855299319804 368.86354239730804 44.81251503915869 320.40292322428303
44.81251503915869 320.40292322428303 73.32084156677115 296.4400058768171
73.32084156677115 296.4400058768171 92.62004028058709 338.9889808631232
438.61914077747815 357.32912755169366 440.2749317331905 365.41942843587407
440.2749317331905 365.41942843587407 445.1335831267853 374.3491263191918
445.1335831267853 374.3491263191918 439.457123566724 385.6006721676474
439.457123566724 385.6006721676474 426.9054180676769 383.75355233570247
426.9054180676769 383.75355233570247 418.8677651139052 376.41198031058593
418.8677651139052 376.41198031058593 419.38706361926637 366.739976176084
419.38706361926637 366.739976176084 423.6752994823629 360.21172554899954
423.6752994823629 360.21172554899954 429.39652709215704 346.0846389992652
429.39652709215704 346.0846389992652 438.61914077747815 357.32912755169366
70.09007787948872 416.91743199880017 30.66748866396778 449.92646706032747
30.66748866396778 449.92646706032747 29.104279708100634 414.4830053338463
29.104279708100634 414.4830053338463 70.09007787948872 416.91743199880017
309.6176559011325 266.327762550829 322.7047251276049 239.65943477222288
322.7047251276049 239.65943477222288 349.42262815495553 235.11348410637822
349.42262815495553 235.11348410637822 372.66494742165565 248.05694580456966
372.66494742165565 248.05694580456966 368.4979435525843 273.2678318072534
368.4979435525843 273.2678318072534 357.1163225474763 304.14458057335605
357.1163225474763 304.14458057335605 326.23754826555444 290.97523962094454
326.23754826555444 290.97523962094454 309.6176559011325 266.327762550829
394.9910154367189 395.02919488976454 390.87321735845484 406.067268219362
390.87321735845484 406.067268219362 386.03330541023087 417.0874597998989
386.03330541023087 417.0874597998989 370.48919018383185 413.85585275312474
370.48919018383185 413.85585275312474 368.20012080219266 396.69331856934014
368.20012080219266 396.69331856934014 382.7554467268936 392.3161963925037
382.7554467268936 392.3161963925037 394.9910154367189 395.02919488976454
157.141498988326 355.08198542889085 130.05708050862862 336.8395052022949
130.05708050862862 336.8395052022949 150.820119016685 312.6494293173371
150.820119016685 312.6494293173371 163.18917722971966 287.53535914091043
163.18917722971966 287.53535914091043 197.99460253564095 291.65599530645966
197.99460253564095 291.65599530645966 193.62489658013652 325.37745013498073
193.62489658013652 325.37745013498073 185.28438954170787 349.73288142835247
185.28438954170787 349.73288142835247 157.141498988326 355.08198542889085
221.33495994098766 441.66551070054254 211.29154422918194 457.91652177754867
211.29154422918194 457.91652177754867 191.8008052909081 458.41059522057003
191.8008052909081 458.41059522057003 172.79573060028744 448.7250925830633
172.79573060028744 448.7250925830633 179.1051165728602 428.6820382502746
179.1051165728602 428.6820382502746 191.59491019800012 420.73185779385784
191.59491019800012 420.73185779385784 206.97153805254857 409.06650250902607
206.97153805254857 409.06650250902607 230.91448685619915 417.9397163101397
230.91448685619915 417.9397163101397 221.33495994098766 441.66551070054254
19.736765521252465 32.64478548510794 23.33985073428027 40.48553745204499
23.33985073428027 40.48553745204499 23.241017264006956 48.73180868716395
23.241017264006956 48.73180868716395 14.111667322108122 51.26799632550741
14.111667322108122 51.26799632550741 9.755298623139492 43.67005917395846
9.755298623139492 43.67005917395846 13.46219303120105 38.315933837882106
13.46219303120105 38.315933837882106 19.736765521252465 32.64478548510794
242.3010019720538 110.1508114441455 244.10581886647654 115.56541756979279
244.10581886647654 115.56541756979279 242.63659176651703 122.87119951808425
242.63659176651703 122.87119951808425 235.24982829645532 121.89373520389776
235.24982829645532 121.89373520389776 231.43097116804222 117.94696923150794
231.43097116804222 117.94696923150794 230.99953197565492 113.4071268493842
230.99953197565492 113.4071268493842 231.56135902489135 107.4292184362983
231.56135902489135 107.4292184362983 238.24030280149145 103.73398664357798
238.24030280149145 103.73398664357798 242.3010019720538 110.1508114441455
138.9144973058131 431.04118327137377 134.50392283833762 458.41696088625605
134.50392283833762 458.41696088625605 107.23558914293946 461.0923365033136
107.23558914293946 461.0923365033136 97.06519792228256 437.34287229621157
97.06519792228256 437.34287229621157 114.64324952981757 416.60243428923906
114.64324952981757 416.60243428923906 138.9144973058131 431.04118327137377
241.94661815858734 28.562609464672153 238.83967709341505 54.3113599114366
238.83967709341505 54.3113599114366 211.57660161388426 30.165859040704134
211.57660161388426 30.165859040704134 241.94661815858734 28.562609464672153
149.38343370812316 148.48789216360004 142.5356560234679 165.09503005480315
142.5356560234679 165.09503005480315 120.12206574632822 164.8750088008377
120.12206574632822 164.8750088008377 117.38667015763075 143.26924115672423
117.38667015763075 143.26924115672423 127.55863217219364 125.5360554347211
127.55863217219364 125.5360554347211 144.94385582266955 134.5090867547271
144.94385582266955 134.5090867547271 149.38343370812316 148.48789216360004
151.49071853675076 109.09700599150098 137.96696575789855 117.2181398186762
137.96696575789855 117.2181398186762 136.47991143166567 102.38371249885539
136.47991143166567 102.38371249885539 148.06738700939073 94.6337741489277
148.06738700939073 94.6337741489277 151.49071853675076 109.09700599150098
292.68557130726475 164.71398854140998 304.0502058787785 136.7832473539822
304.0502058787785 136.7832473539822 324.8104812540039 106.02975746843316
324.8104812540039 106.02975746843316 356.4998368057942 125.47013041931618
356.4998368057942 125.47013041931618 375.87278000282413 150.55165240576014
375.87278000282413 150.55165240576014 358.7028239988867 175.53422464254243
358.7028239988867 175.53422464254243 342.02802513062807 207.16274866218873
342.02802513062807 207.16274866218873 307.37614940121375 194.75194771084216
307.37614940121375 194.75194771084216 292.68557130726475 164.71398854140998
451.7149011111522 447.34171127838584 407.0705508110535 460.4750519331499
407.0705508110535 460.4750519331499 434.3173205049146 419.6247917004788
434.3173205049146 419.6247917004788 451.7149011111522 447.34171127838584
66.48447279914618 185.85532180591647 68.27320298512319 166.05825716024924
68.27320298512319 166.05825716024924 89.29409257549739 162.4601805833413
89.29409257549739 162.4601805833413 94.632043266151 191.7574020739654
94.632043266151 191.7574020739654 66.48447279914618 185.85532180591647
308.4309576594945 41.3418570237899 311.0801897389505 50.20191845000282
311.0801897389505 50.20191845000282 306.7057304877148 59.93513956665019
306.7057304877148 59.93513956665019 296.09302341219745 60.29424862019924
296.09302341219745 60.29424862019924 288.80280451253793 54.97413108182337
288.80280451253793 54.97413108182337 288.2109253822985 47.2590720654648
288.2109253822985 47.2590720654648 291.29645937797915 42.23289643917563
291.29645937797915 42.23289643917563 294.80481077340966 36.94716149623315
294.80481077340966 36.94716149623315 301.49329899173784 37.62223002991945
301.49329899173784 37.62223002991945 308.4309576594945 41.3418570237899
469.83578951600634 41.637149604600154 454.8419968510962 53.7347899285877
454.8419968510962 53.7347899285877 440.98555966975255 65.34012320399577
440.98555966975255 65.34012320399577 424.7131532266074 55.57184276699442
424.7131532266074 55.57184276699442 410.0427413294811 37.68349242510618
410.0427413294811 37.68349242510618 421.70688948991574 15.907480423034322
421.70688948991574 15.907480423034322 444.03014241281113 19.295442444176576
444.03014241281113 19.295442444176576 462.99200845438725 22.041200640586727
462.99200845438725 22.041200640586727 469.83578951600634 41.637149604600154
431.94222653278774 202.03027381052775 458.0797659679095 205.88638986437422
458.0797659679095 205.88638986437422 442.95621671716475 220.9014028419292
442.95621671716475 220.9014028419292 431.94222653278774 202.03027381052775
144.26578399678567 220.66682031889206 158.07848045728102 244.09005963933345
158.07848045728102 244.09005963933345 137.13960308740545 257.8866498054803
137.13960308740545 257.8866498054803 113.2856230679408 264.54675285159044
113.2856230679408 264.54675285159044 106.78556236652666 239.4013663370611
106.78556236652666 239.4013663370611 117.80266825180884 215.99372148176218
117.80266825180884 215.99372148176218 144.26578399678567 220.66682031889206
45.98216923728811 142.2185807058379 39.73321550601634 144.12036624375463
39.73321550601634 144.12036624375463 26.45848195272481 149.5036501154166
26.45848195272481 149.5036501154166 25.369408310539214 135.5449167594647
25.369408310539214 135.5449167594647 32.25344358645492 125.53565073992867
32.25344358645492 125.53565073992867 41.50350000513112 131.86252796212008
41.50350000513112 131.86252796212008 52.3933815135566 133.56585176611074
52.3933815135566 133.56585176611074 45.98216923728811 142.2185807058379
135.31963470792024 476.66399438859685 139.7672053128568 476.8637884476558
139.7672053128568 476.8637884476558 146.9226434024624 478.1588559677012
146.9226434024624 478.1588559677012 145.31529591984432 485.61612730657185
145.31529591984432 485.61612730657185 139.31678062609615 489.93661893193695
139.31678062609615 489.93661893193695 133.23900128417438 486.38132223080015
133.23900128417438 486.38132223080015 128.14830548625346 480.2141354613162
128.14830548625346 480.2141354613162 135.31963470792024 476.66399438859685
338.246951454116 362.6501834228938 328.23066048815366 366.1574522010926
328.23066048815366 366.1574522010926 320.5527961165371 364.4029556522375
320.5527961165371 364.4029556522375 319.30649246782383 356.4790648601886
319.30649246782383 356.4790648601886 325.29021320791196 352.26834595466215
325.29021320791196 352.26834595466215 336.46552704991285 350.0984239917359
336.46552704991285 350.0984239917359 338.246951454116 362.6501834228938
282.135451060793 335.7906646192728 289.2574416946056 340.2583606310774
289.2574416946056 340.2583606310774 281.5157632029904 342.14969829114307
281.5157632029904 342.14969829114307 277.37684506056036 344.17709063402776
277.37684506056036 344.17709063402776 272.2985833036636 341.9477797738622
272.2985833036636 341.9477797738622 268.0355514757568 335.3758178526673
268.0355514757568 335.3758178526673 276.6307473236326 334.3451901748864
276.6307473236326 334.3451901748864 280.4834822663817 330.67414417275796
280.4834822663817 330.67414417275796 282.135451060793 335.7906646192728
311.5077900473379 306.84169906707143 317.6436493040983 305.5156937097942
317.6436493040983 305.5156937097942 317.4613755100935 311.75191104412426
317.4613755100935 311.75191104412426 315.1029564836203 314.96358702283203
315.1029564836203 314.96358702283203 312.4158119431558 320.4883384561124
312.4158119431558 320.4883384561124 304.9126134657809 320.061692483263
304.9126134657809 320.061692483263 307.31972643461245 312.42671743108235
307.31972643461245 312.42671743108235 308.39077444454097 309.08891100892424
308.39077444454097 309.08891100892424 311.5077900473379 306.84169906707143
382.4454563301987 39.964175157504606 388.28356501688444 32.79248925836471
388.28356501688444 32.79248925836471 401.7832602115471 31.507444968672345
401.7832602115471 31.507444968672345 398.4787845190342 45.303731008765716
398.4787845190342 45.303731008765716 387.832283449104 49.141647142939604
387.832283449104 49.141647142939604 382.4454563301987 39.964175157504606
393.4676722048503 84.53890871711276 395.8081426202675 93.05155300371665
395.8081426202675 93.05155300371665 388.04717402745274 98.5247499169786
388.04717402745274 98.5247499169786 385.3710802226191 89.00645647392189
385.3710802226191 89.00645647392189 393.4676722048503 84.53890871711276
447.42528414496775 320.0146062947286 426.60605762361376 316.959428853415
426.60605762361376 316.959428853415 438.1681877709104 304.64570585271935
438.1681877709104 304.64570585271935 447.42528414496775 320.0146062947286
68.91907957543003 45.070614653967446 61.92312339205776 33.86801258518152
61.92312339205776 33.86801258518152 71.69844049112318 25.44018750346567
71.69844049112318 25.44018750346567 85.6070391691532 12.678654048393284
85.6070391691532 12.678654048393284 101.26191528675236 26.71473092207682
101.26191528675236 26.71473092207682 90.92987219095184 42.94307903154971
90.92987219095184 42.94307903154971 80.58970248585231 52.8498694465455
80.58970248585231 52.8498694465455 68.91907957543003 45.070614653967446
221.95356495752102 495.1673390758452 220.02246256147717 488.48446740349783
220.02246256147717 488.48446740349783 217.47432379109296 485.36106994413683
217.47432379109296 485.36106994413683 215.03952707914684 479.236270249197
215.03952707914684 479.236270249197 222.12698132513788 479.694553800778
222.12698132513788 479.694553800778 225.16344194007573 480.86289898867767
225.16344194007573 480.86289898867767 232.84738613822108 477.1966619895239
232.84738613822108 477.1966619895239 233.28324010267698 483.87991181185544
233.28324010267698 483.87991181185544 228.8225542259617 487.40296303255786
228.8225542259617 487.40296303255786 226.2888511639727 489.3339886638648
226.2888511639727 489.3339886638648 221.95356495752102 495.1673390758452
272.3490418648202 475.66142587504675 277.6296495752291 474.76772230636647
277.6296495752291 474.76772230636647 284.9731079287328 474.1560005999447
284.9731079287328 474.1560005999447 283.04557588738106 481.38477455884754
283.04557588738106 481.38477455884754 285.3493629083875 489.8916015701607
285.3493629083875 489.8916015701607 276.7490900750382 494.2643941838186
276.7490900750382 494.2643941838186 267.4424711284857 490.17153768004135
267.4424711284857 490.17153768004135 262.3803219337273 480.4514365098141
262.3803219337273 480.4514365098141 272.3490418648202 475.66142587504675
243.13444948639201 329.8612158597153 239.8637532508506 341.78224002702615
239.8637532508506 341.78224002702615 228.66528443780894 333.3420323465889
228.66528443780894 333.3420323465889 243.13444948639201 329.8612158597153
33.86497049445925 238.77982051340504 36.83584797361846 230.16791443265672
36.83584797361846 230.16791443265672 41.07444803872563 223.9231593394209
41.07444803872563 223.9231593394209 49.57866143361844 224.4426485804993
49.57866143361844 224.4426485804993 57.70908875664087 231.75432870840416
57.70908875664087 231.75432870840416 48.61020942768033 237.88247608904805
48.61020942768033 237.88247608904805 42.87675017581047 240.07543762921352
42.87675017581047 240.07543762921352 33.86497049445925 238.77982051340504
377.8452511876933 356.98946361068687 382.1481918891965 345.04535999830665
382.1481918891965 345.04535999830665 391.6844137163526 346.6121961071053
391.6844137163526 346.6121961071053 402.7537566168278 347.6188230398837
402.7537566168278 347.6188230398837 401.15006816975824 360.64455816832987
401.15006816975824 360.64455816832987 389.0403106636232 362.6123877007855
389.0403106636232 362.6123877007855 377.8452511876933 356.98946361068687
470.0409764050146 171.06473117888495 463.3163104797417 179.86378776426204
463.3163104797417 179.86378776426204 454.3241209820237 179.43915062197556
454.3241209820237 179.43915062197556 447.00356164807283 172.76132848435228
447.00356164807283 172.76132848435228 447.74062837444086 156.9551562443416
447.74062837444086 156.9551562443416 461.6467316943476 164.283529314467
461.6467316943476 164.283529314467 470.0409764050146 171.06473117888495
466.1200051394346 378.4546704982218 465.77463949329314 366.1649274297788
465.77463949329314 366.1649274297788 477.06019653700855 370.73837419460847
477.06019653700855 370.73837419460847 486.07230509854395 373.044970002774
486.07230509854395 373.044970002774 489.70008277424773 383.26859354396663
489.70008277424773 383.26859354396663 481.5621930599933 390.0521763911807
481.5621930599933 390.0521763911807 472.2852325733554 394.12761824700385
472.2852325733554 394.12761824700385 465.0634420470413 386.9301415994283
465.0634420470413 386.9301415994283 466.1200051394346 378.4546704982218
106.93315598300198 404.37147964618174 108.95082370050264 397.7351532421591
108.95082370050264 397.7351532421591 112.14889362125888 393.55822179177306
112.14889362125888 393.55822179177306 119.33351972068894 391.26704654068
119.33351972068894 391.26704654068 120.44047926762978 398.7195016387031
120.44047926762978 398.7195016387031 121.71244520146121 406.61101986600613
121.71244520146121 406.61101986600613 113.4592289109521 409.0265865787649
113.4592289109521 409.0265865787649 106.93315598300198 404.37147964618174
179.44704802898414 123.3821719267737 170.63273004426196 118.40514187410673
170.63273004426196 118.40514187410673 171.3185682044411 108.83760051375863
171.3185682044411 108.83760051375863 183.96045445625694 110.95671758481971
183.96045445625694 110.95671758481971 179.44704802898414 123.3821719267737
269.42297262903077 101.37926979731576 269.8667528292038 94.30542156174101
269.8667528292038 94.30542156174101 276.88954245934445 92.96697093991642
276.88954245934445 92.96697093991642 279.74422370130713 99.24244808469267
279.74422370130713 99.24244808469267 288.22571219206475 100.09060811060444
288.22571219206475 100.09060811060444 285.50149933458295 106.81521380529617
285.50149933458295 106.81521380529617 279.19627353386227 107.24031057443268
279.19627353386227 107.24031057443268 274.7769210631705 110.13454595789464
274.7769210631705 110.13454595789464 268.9303368080969 107.68645112085366
268.9303368080969 107.68645112085366 269.42297262903077 101.37926979731576
331.79339763321104 426.7242191097934 334.5109983588919 397.7521225630766
334.5109983588919 397.7521225630766 353.78737803990924 402.4307621380093
353.78737803990924 402.4307621380093 331.79339763321104 426.7242191097934
468.6451475443736 416.5449591872689 470.82191674879624 407.8069275832863
470.82191674879624 407.8069275832863 478.8073392080466 411.0132747593687
478.8073392080466 411.0132747593687 481.077095815582 417.8119071042018
481.077095815582 417.8119071042018 474.48716671082207 421.0039741021394
474.48716671082207 421.0039741021394 468.6451475443736 416.5449591872689
453.8873267196703 301.09721157503697 439.97231334681095 282.8398812375871
439.97231334681095 282.8398812375871 457.733327249133 273.34903118625635
457.733327249133 273.34903118625635 477.57738597816405 273.06339255167575
477.57738597816405 273.06339255167575 470.16237097825706 291.88498632816436
470.16237097825706 291.88498632816436 453.8873267196703 301.09721157503697
218.7700105698429 147.46392798480852 206.62735376404274 145.3218013103349
206.62735376404274 145.3218013103349 213.3241601856913 133.60598333471322
213.3241601856913 133.60598333471322 226.66279546215966 131.38483830929553
226.66279546215966 131.38483830929553 230.4038284840393 145.62920056216737
230.4038284840393 145.62920056216737 218.7700105698429 147.46392798480852
212.18093756357578 96.77218993195088 207.91900425983562 100.45647087214863
207.91900425983562 100.45647087214863 202.85288956101834 97.17058052020015
202.85288956101834 97.17058052020015 200.3850714139355 91.11425203973573
200.3850714139355 91.11425203973573 202.37788918526928 82.89351465269405
202.37788918526928 82.89351465269405 211.25062766637714 81.09783310616727
211.25062766637714 81.09783310616727 215.19807618536058 88.45069484793231
215.19807618536058 88.45069484793231 220.15009349982506 94.51581422650678
220.15009349982506 94.51581422650678 212.18093756357578 96.77218993195088
488.15037268025833 310.5758221996091 480.30244316814344 315.99196037377175
480.30244316814344 315.99196037377175 480.2025037290349 306.46861161000413
480.2025037290349 306.46861161000413 483.5027060276794 298.75723690682287
483.5027060276794 298.75723690682287 492.3424865890393 303.41079908338213
492.3424865890393 303.41079908338213 488.15037268025833 310.5758221996091
270.48050520408856 275.81153079540746 254.38679970371632 270.32465303277917
254.38679970371632 270.32465303277917 264.74213577759764 252.47182170072034
264.74213577759764 252.47182170072034 277.81363635791917 264.564862168613
277.81363635791917 264.564862168613 270.48050520408856 275.81153079540746
373.6515516810627 209.443618503505 384.45048934429997 198.94413570185128
384.45048934429997 198.94413570185128 396.47776392023684 208.1225726932174
396.47776392023684 208.1225726932174 396.11954496997504 225.86543374445404
396.11954496997504 225.86543374445404 378.2110563040341 223.36136749785635
378.2110563040341 223.36136749785635 373.6515516810627 209.443618503505
485.1464534014435 109.10678430155652 480.9020736054206 103.51622076404169
480.9020736054206 103.51622076404169 484.4289407075848 98.08109082562194
484.4289407075848 98.08109082562194 491.5883149475481 102.8207984008724
491.5883149475481 102.8207984008724 485.1464534014435 109.10678430155652
272.53081458761153 380.5093705392485 257.34457254915867 384.1947370868491
257.34457254915867 384.1947370868491 254.45003845013565 366.98961145813513
254.45003845013565 366.98961145813513 269.8094253380789 367.52474973641637
269.8094253380789 367.52474973641637 272.53081458761153 380.5093705392485
425.68067439860584 490.97479139714227 417.5508904419645 492.6677807772379
417.5508904419645 492.6677807772379 413.91573590949395 488.2152829224332
413.91573590949395 488.2152829224332 412.5456473748924 476.8805152315159
412.5456473748924 476.8805152315159 421.0669096130745 484.4565176060265
421.0669096130745 484.4565176060265 425.68067439860584 490.97479139714227
284.9047764125656 212.49744796257497 290.54195506023746 214.7175039243149
290.54195506023746 214.7175039243149 288.15576617876746 220.92256995317393
288.15576617876746 220.92256995317393 296.3818642903995 229.68958300928793
296.3818642903995 229.68958300928793 284.86126697417916 226.38296139906575
284.86126697417916 226.38296139906575 281.0362878427774 228.57706508816437
281.0362878427774 228.57706508816437 276.3492003878994 226.82755650252042
276.3492003878994 226.82755650252042 272.40571773036476 222.1545656411451
272.40571773036476 222.1545656411451 271.63094655850233 214.50595454745192
271.63094655850233 214.50595454745192 279.667501051787 213.82716263242605
279.667501051787 213.82716263242605 284.9047764125656 212.49744796257497
346.74650198935944 341.795364635082 337.3695740219361 340.62168549144667
337.3695740219361 340.62168549144667 338.38934670296516 331.21771981551404
338.38934670296516 331.21771981551404 344.8327504116943 328.01504674932664
344.8327504116943 328.01504674932664 349.77325135790016 324.56623116954285
349.77325135790016 324.56623116954285 359.16178034208644 325.3421103174095
359.16178034208644 325.3421103174095 361.19127328842836 335.22347652011587
361.19127328842836 335.22347652011587 351.7823230350798 337.9267438168617
351.7823230350798 337.9267438168617 346.74650198935944 341.795364635082
380.88376744358607 307.092827504138 386.2302442282039 308.80242265515955
386.2302442282039 308.80242265515955 390.08420515933597 313.75989821023387
390.08420515933597 313.75989821023387 385.57257763822895 318.46942779994686
385.57257763822895 318.46942779994686 382.1393004595175 320.2774837168512
382.1393004595175 320.2774837168512 377.5653335267712 329.8939120824702
377.5653335267712 329.8939120824702 375.5210634358739 319.7839646210651
375.5210634358739 319.7839646210651 373.0214001506312 316.68244367111373
373.0214001506312 316.68244367111373 373.69762375482105 312.605462356936
373.69762375482105 312.605462356936 374.422466803447 305.59116658621997
374.422466803447 305.59116658621997 380.88376744358607 307.092827504138
66.53213527992213 476.0773738886097 73.7513984414185 474.1708417329487
73.7513984414185 474.1708417329487 78.67427233897119 478.3905544648083
78.67427233897119 478.3905544648083 85.48398206531944 481.2622866303766
85.48398206531944 481.2622866303766 86.57620290405792 489.74388244183325
86.57620290405792 489.74388244183325 79.64401816316236 494.9319813887269
79.64401816316236 494.9319813887269 71.56334946544736 495.6029059792893
71.56334946544736 495.6029059792893 65.45231278295753 490.5953270123328
65.45231278295753 490.5953270123328 68.08323297713173 483.599139943201
68.08323297713173 483.599139943201 66.53213527992213 476.0773738886097
227.26846970736403 298.2012687661472 217.89838916519398 290.9080355988668
217.89838916519398 290.9080355988668 218.81098429050522 275.7608045398359
218.81098429050522 275.7608045398359 232.78746276603658 280.7884132494703
232.78746276603658 280.7884132494703 236.04738104576387 290.9074839580016
236.04738104576387 290.9074839580016 227.26846970736403 298.2012687661472
484.41504002179295 493.2376486601258 475.5875088440684 483.07275937503346
475.5875088440684 483.07275937503346 485.99426700926705 479.46587391460275
485.99426700926705 479.46587391460275 493.9518537745661 485.178622247279
493.9518537745661 485.178622247279 484.41504002179295 493.2376486601258
273.26276562658916 78.40455339580427 267.26624951554624 65.8013023687029
267.26624951554624 65.8013023687029 277.3561962825922 67.5509278351339
277.3561962825922 67.5509278351339 273.26276562658916 78.40455339580427
409.8352336986751 274.9111138184852 407.6922784524475 279.9211946337401
407.6922784524475 279.9211946337401 406.0888530094176 285.59722763485405
406.0888530094176 285.59722763485405 400.351886162315 283.68961788320905
400.351886162315 283.68961788320905 398.08991575313445 280.37006304328924
398.08991575313445 280.37006304328924 392.26758152734703 279.2275209006783
392.26758152734703 279.2275209006783 393.19137003131283 274.0047346969132
393.19137003131283 274.0047346969132 395.53898506922485 268.58484237610395
395.53898506922485 268.58484237610395 401.34448224520554 270.1593295517319
401.34448224520554 270.1593295517319 405.55086030243046 271.53990268954453
405.55086030243046 271.53990268954453 409.8352336986751 274.9111138184852
13.519208686634219 221.45393251658288 18.810421856379897 211.7441770088433
18.810421856379897 211.7441770088433 21.78141116308251 223.58301276765968
21.78141116308251 223.58301276765968 13.519208686634219 221.45393251658288
350.094223757881 61.28255396456096 354.0543124257917 67.29060517012105
354.0543124257917 67.29060517012105 355.73731154466054 78.70690563719997
355.73731154466054 78.70690563719997 345.3446801306248 73.58668030428225
345.3446801306248 73.58668030428225 335.3238218423161 70.22131041055128
335.3238218423161 70.22131041055128 339.9016630067038 59.07652434940697
339.9016630067038 59.07652434940697 350.094223757881 61.28255396456096
410.26267728933954 179.23520966989184 397.69148962176126 174.20012234804716
397.69148962176126 174.20012234804716 404.00347886025327 164.12172016801267
404.00347886025327 164.12172016801267 411.9766555513892 161.79934414458697
411.9766555513892 161.79934414458697 420.88560517783293 170.522966056543
420.88560517783293 170.522966056543 410.26267728933954 179.23520966989184
21.736116748754707 66.37170784684253 26.262092277069105 85.22414410668081
26.262092277069105 85.22414410668081 9.921030274547075 78.89251206347258
9.921030274547075 78.89251206347258 21.736116748754707 66.37170784684253
87.10492406081725 392.1080200196028 85.00831847021159 397.24889574730963
85.00831847021159 397.24889574730963 79.3236749979884 397.617778767311
79.3236749979884 397.617778767311 77.2169450754121 393.0429299621535
77.2169450754121 393.0429299621535 76.21046451431585 389.70522826877533
76.21046451431585 389.70522826877533 77.212318975518 385.04100362420974
77.212318975518 385.04100362420974 82.3494407830893 383.89870264195883
82.3494407830893 383.89870264195883 89.3252823623319 385.31050650865745
89.3252823623319 385.31050650865745 87.10492406081725 392.1080200196028
260.23202467740106 147.12467344970005 257.41390542902036 141.70556698683794
257.41390542902036 141.70556698683794 257.6427312339729 137.3015068185428
257.6427312339729 137.3015068185428 260.10601976604494 130.01024799263183
260.10601976604494 130.01024799263183 267.3010787539276 133.26688531061075
267.3010787539276 133.26688531061075 265.89918971153446 139.61728611308786
265.89918971153446 139.61728611308786 267.0407686950069 145.9720277310894
267.0407686950069 145.9720277310894 260.23202467740106 147.12467344970005
184.8732020268941 33.19706185489106 189.83247082755497 34.892805669022
189.83247082755497 34.892805669022 194.81441121733897 38.399334751921636
194.81441121733897 38.399334751921636 190.439648900038 43.1229255701496
190.439648900038 43.1229255701496 190.63478479289068 51.07737930963943
190.63478479289068 51.07737930963943 183.1875392209918 51.22609975022151
183.1875392209918 51.22609975022151 176.49964672219724 47.74546541520128
176.49964672219724 47.74546541520128 174.07773280624312 40.23548698361914
174.07773280624312 40.23548698361914 177.8600892513125 33.47404798074997
177.8600892513125 33.47404798074997 184.8732020268941 33.19706185489106
330.9332223561099 44.086237318714275 335.6261699511582 28.193069021093613
335.6261699511582 28.193069021093613 348.8373459487985 19.974146014836343
348.8373459487985 19.974146014836343 345.91935013839674 35.83613771686007
345.91935013839674 35.83613771686007 330.9332223561099 44.086237318714275
82.49047956430923 257.1925579672034 71.74971747917964 258.83321822540074
71.74971747917964 258.83321822540074 75.97022355106267 245.96036185821814
75.97022355106267 245.96036185821814 86.47963837350616 250.2825435083658
86.47963837350616 250.2825435083658 82.49047956430923 257.1925579672034
45.39833021171901 195.84713921619132 41.5386365823923 200.80593505363487
41.5386365823923 200.80593505363487 40.740019217216364 205.74588996235076
40.740019217216364 205.74588996235076 36.122629602191104 203.34863172555762
36.122629602191104 203.34863172555762 30.770817267228857 204.41563806834108
30.770817267228857 204.41563806834108 31.54055285611048 199.27720663449767
31.54055285611048 199.27720663449767 33.53613809493092 196.56293376957865
33.53613809493092 196.56293376957865 35.32733839275313 191.80075808740855
35.32733839275313 191.80075808740855 41.838616310920514 190.00073558278342
41.838616310920514 190.00073558278342 45.39833021171901 195.84713921619132
174.7878155768949 140.6434289412563 183.960524514177 140.02710776061767
183.960524514177 140.02710776061767 196.83711836883242 140.05875869657578
196.83711836883242 140.05875869657578 196.6972760154137 153.56185660392023
196.6972760154137 153.56185660392023 188.31483500188057 163.8851929719445
188.31483500188057 163.8851929719445 174.1404807569715 162.9805802592349
174.1404807569715 162.9805802592349 172.45206501255905 150.02306899872013
172.45206501255905 150.02306899872013 174.7878155768949 140.6434289412563
456.9574933914935 247.8979182143615 459.187186814439 243.0678174689152
459.187186814439 243.0678174689152 464.23888655962435 240.7556477021359
464.23888655962435 240.7556477021359 473.4250925753232 243.97157429204344
473.4250925753232 243.97157429204344 469.52117813806234 253.99167205695713
469.52117813806234 253.99167205695713 460.4458404160972 253.48774112958645
460.4458404160972 253.48774112958645 456.9574933914935 247.8979182143615
386.1090752758484 446.0509210112536 377.6823161791796 450.82584967366637
377.6823161791796 450.82584967366637 378.3773764369762 440.22935213648384
378.3773764369762 440.22935213648384 388.506532788989 436.4500714609463
388.506532788989 436.4500714609463 386.1090752758484 446.0509210112536
38.635535708269174 472.4171863444882 36.115682217553456 476.0007046830661
36.115682217553456 476.0007046830661 26.88725665794366 477.9956267432243
26.88725665794366 477.9956267432243 30.922126156056997 469.245257560285
30.922126156056997 469.245257560285 38.2021715333859 463.15589136543826
38.2021715333859 463.15589136543826 38.635535708269174 472.4171863444882
492.31187281737243 206.0886544214917 480.5275599113206 200.69959545216926
480.5275599113206 200.69959545216926 486.2930552025769 194.0309335603208
486.2930552025769 194.0309335603208 492.31187281737243 206.0886544214917
275.9297954548009 452.1451373347888 284.2835034317986 447.5603194056253
284.2835034317986 447.5603194056253 285.81348250737256 459.8954925012087
285.81348250737256 459.8954925012087 275.9297954548009 452.1451373347888
490.7683524796907 263.84547880498843 490.20335253718275 271.4640561165043
490.20335253718275 271.4640561165043 483.3566473239706 271.455449588342
483.3566473239706 271.455449588342 479.52138157434666 266.2222867485627
479.52138157434666 266.2222867485627 480.7661771428866 260.9823635494714
480.7661771428866 260.9823635494714 481.74450997968086 257.42239849335175
481.74450997968086 257.42239849335175 483.67528108817567 252.01815620904867
483.67528108817567 252.01815620904867 488.22775084322427 255.95240691954396
488.22775084322427 255.95240691954396 494.95740085571117 254.77640052536742
494.95740085571117 254.77640052536742 495.37775927078735 260.8402818386618
495.37775927078735 260.8402818386618 490.7683524796907 263.84547880498843
99.36303713749182 111.98794194545992 102.21630345689822 107.16696898202774
102.21630345689822 107.16696898202774 101.87963991760606 102.37839131269823
101.87963991760606 102.37839131269823 106.36718440448608 100.84482106642233
106.36718440448608 100.84482106642233 111.75075693542946 99.86764483502057
111.75075693542946 99.86764483502057 112.08443579081045 105.78702820214922
112.08443579081045 105.78702820214922 111.58579635883608 108.82135013702909
111.58579635883608 108.82135013702909 111.30456666846875 112.14281281245795
111.30456666846875 112.14281281245795 108.87726157507711 118.73567359624911
108.87726157507711 118.73567359624911 104.44247568500575 113.60467780094574
104.44247568500575 113.60467780094574 99.36303713749182 111.98794194545992
293.26583473568644 392.6926645561634 287.8691318541569 388.00247291824894
287.8691318541569 388.00247291824894 282.43904090381324 385.2797285371402
282.43904090381324 385.2797285371402 286.86303442788267 379.9478125604806
286.86303442788267 379.9478125604806 287.71178664895996 376.54338453597273
287.71178664895996 376.54338453597273 291.2622940903078 376.70104688880133
291.2622940903078 376.70104688880133 295.55669043949854 374.05278421834936
295.55669043949854 374.05278421834936 300.33450260483255 376.88118357425594
300.33450260483255 376.88118357425594 301.63133000026437 382.78072553230515
301.63133000026437 382.78072553230515 298.08249871713684 387.60980710872377
298.08249871713684 387.60980710872377 293.26583473568644 392.6926645561634
40.353304521837245 170.90184349613577 26.00758055785041 171.94513557272134
26.00758055785041 171.94513557272134 31.274958246054496 158.22410495831122
31.274958246054496 158.22410495831122 40.353304521837245 170.90184349613577
258.8892358851348 402.64435749617286 254.51282243003521 405.7352941270233
254.51282243003521 405.7352941270233 250.60013218000788 402.3409008158384
250.60013218000788 402.3409008158384 246.31210208794926 395.2505223049197
246.31210208794926 395.2505223049197 254.59669188260446 395.06603345191934
254.59669188260446 395.06603345191934 262.51289856962006 395.5873571100171
262.51289856962006 395.5873571100171 258.8892358851348 402.64435749617286
315.71046629931254 92.01540765543533 304.7555535210069 100.30182399220419
304.7555535210069 100.30182399220419 306.430970451105 85.6776128836067
306.430970451105 85.6776128836067 315.71046629931254 92.01540765543533
148.6457599697853 379.70878289293114 138.0278867652933 387.048703646787
138.0278867652933 387.048703646787 136.0841817729366 375.1097438818908
136.0841817729366 375.1097438818908 148.6457599697853 379.70878289293114
369.4425781158747 5.148459328600586 368.0878485130243 14.874154276231065
368.0878485130243 14.874154276231065 363.64062283503586 22.466548175597794
363.64062283503586 22.466548175597794 355.66443208961664 16.104933103530733
355.66443208961664 16.104933103530733 359.4979924153082 8.004930131999657
359.4979924153082 8.004930131999657 369.4425781158747 5.148459328600586
15.95774913716844 254.37516259053498 17.726392631366412 257.1813075627195
17.726392631366412 257.1813075627195 16.058864463727193 260.2285062969816
16.058864463727193 260.2285062969816 12.9900815597724 262.32091813894516
12.9900815597724 262.32091813894516 7.183992520334602 264.0767312263494
7.183992520334602 264.0767312263494 5.995079412607265 258.27893081377124
5.995079412607265 258.27893081377124 3.2924244493136534 252.0912376240106
3.2924244493136534 252.0912376240106 10.847857659230215 252.70132366581595
10.847857659230215 252.70132366581595 15.200928324683357 247.5836489555074
15.200928324683357 247.5836489555074 15.95774913716844 254.37516259053498
231.9720490288717 381.1945823735602 218.7907790665872 375.44679982389613
218.7907790665872 375.44679982389613 228.28180888210963 366.5695535370236
228.28180888210963 366.5695535370236 238.58914851528579 370.45120367180556
238.58914851528579 370.45120367180556 231.9720490288717 381.1945823735602
265.71790276216745 299.81225766082304 273.4549635846194 297.25030676052916
273.4549635846194 297.25030676052916 281.05872398169043 302.162435686145
281.05872398169043 302.162435686145 278.7599265204229 310.9140891901754
278.7599265204229 310.9140891901754 278.63948317699897 319.2370497344073
278.63948317699897 319.2370497344073 271.4001936867117 324.8368160008643
271.4001936867117 324.8368160008643 262.2046463147228 323.4905905361321
262.2046463147228 323.4905905361321 255.33743547870094 317.4912292765324
255.33743547870094 317.4912292765324 258.5009938290854 309.0679373468691
258.5009938290854 309.0679373468691 263.43632707274674 305.92447857826363
263.43632707274674 305.92447857826363 265.71790276216745 299.81225766082304
413.54470318167114 241.91054758615513 418.6811845797353 240.14320434743047
418.6811845797353 240.14320434743047 421.5909477755925 244.4765151459845
421.5909477755925 244.4765151459845 426.1855096635555 245.62674177818425
426.1855096635555 245.62674177818425 426.3401885445333 250.5646041212891
426.3401885445333 250.5646041212891 422.76488420000373 254.1082123368134
422.76488420000373 254.1082123368134 417.9738253328047 254.02642235095755
417.9738253328047 254.02642235095755 413.75203891776 251.8574110197576
413.75203891776 251.8574110197576 414.97552004843624 247.3119908029874
414.97552004843624 247.3119908029874 413.54470318167114 241.91054758615513
