512 512
15
308.27602031110564 62.18239724725839 0.5299809558569692 0.35834328011780714 0.35231546265645075 47.23505397992761
379.9973446571527 482.15580053215336 0.5976594817904576 0.15105103782295926 0.7509045917836406 30.998613610483464
509.94242838854547 301.747432200148 0.5818328101707724 0.46198035810493565 0.7283268823786515 37.01659206346373
414.1650155769606 340.503589307155 0.04985092387746137 0.9871761098484282 0.8417539923345766 32.58940994987817
496.36003503551126 173.38755776252168 0.2608296199041019 0.17521966817476686 0.09951789430654889 45.66440035022258
107.54438190205262 432.8309419673139 0.789075126211254 0.35371683579856594 0.7564814488945659 45.03185929595636
416.12085162660463 259.70424575857 0.3587822294182782 0.04275491651773955 0.07149414966670209 30.889704194989783
196.38896070525033 462.87783220278016 0.7367601040986173 0.5849952759292564 0.10894719213250048 48.3869227869111
217.498586063479 154.23766581405533 0.5311764394036447 0.7261720357927425 0.20227964762554407 36.40283634828685
65.43143870044956 31.72520089140683 0.4477172527001665 0.7491300291798959 0.26673796979889197 42.4782342787078
423.20894152160025 393.3861410541913 0.7577315924706745 0.623110575617169 0.005674953414516626 33.963447593420796
346.4147694712886 360.89586716593203 0.41208922996484687 0.33470441430422126 0.8653753475471259 31.23094084690605
153.0203729523912 210.44864950976321 0.44459096953118715 0.8778171169186683 0.5887432963229046 46.58232720273308
228.2591482110881 166.88111546976495 0.5105459104473581 0.700847693725066 0.9116039027334024 48.69081786846362
223.31015768558368 158.4651625183993 0.6135938872217831 0.9422309107151139 0.2507246260250625 48.04136234035623
258
40.949366984706565 445.77427466601034 56.641434470586695 452.4190752240507
56.641434470586695 452.4190752240507 64.94167142238207 470.64987619579136
64.94167142238207 470.64987619579136 47.025441497418 478.3406935467355
47.025441497418 478.3406935467355 31.367272566327735 483.60028569079714
31.367272566327735 483.60028569079714 24.844449195996596 468.21409529532326
24.844449195996596 468.21409529532326 22.504055697138988 449.9044661452228
22.504055697138988 449.9044661452228 40.949366984706565 445.77427466601034
388.75650843263645 208.94093527767717 395.2447483784876 252.25441909429327
395.2447483784876 252.25441909429327 355.2037781109932 246.4469589739686
355.2037781109932 246.4469589739686 334.1910973966003 197.63608090053933
334.1910973966003 197.63608090053933 388.75650843263645 208.94093527767717
114.6606769940787 87.20644137427728 144.5033424979031 104.9566418988194
144.5033424979031 104.9566418988194 115.22712745003527 123.14055636160191
115.22712745003527 123.14055636160191 100.62103524690234 125.67287184461323
100.62103524690234 125.67287184461323 63.19294256906027 119.21882580511812
63.19294256906027 119.21882580511812 92.23290200124018 95.68723694932976
92.23290200124018 95.68723694932976 114.6606769940787 87.20644137427728
229.24902142003688 351.0139204752354 182.78025663552967 344.4032773415484
182.78025663552967 344.4032773415484 163.2055408398557 305.98914770452654
163.2055408398557 305.98914770452654 199.20992522148225 278.32308462280764
199.20992522148225 278.32308462280764 224.45142795093741 307.29947034432854
224.45142795093741 307.29947034432854 229.24902142003688 351.0139204752354
189.60146308928964 472.8418700327421 198.96875260977248 464.056230580096
198.96875260977248 464.056230580096 211.02902259713747 462.45635295090483
211.02902259713747 462.45635295090483 219.49614819041648 470.1492597198068
219.49614819041648 470.1492597198068 218.1634603251482 479.894005389938
218.1634603251482 479.894005389938 222.2144405084534 492.2728611291705
222.2144405084534 492.2728611291705 209.20827092764958 488.9875140824862
209.20827092764958 488.9875140824862 198.30414012856548 495.50360192711236
198.30414012856548 495.50360192711236 199.5116269687302 482.5904697354383
199.5116269687302 482.5904697354383 189.60146308928964 472.8418700327421
290.187967491348 136.91475372001605 270.99813731378964 127.75152805696047
270.99813731378964 127.75152805696047 272.0221440407315 107.01182935831785
272.0221440407315 107.01182935831785 269.5953157937132 91.10360145932434
269.5953157937132 91.10360145932434 278.49811027240406 74.00224776749802
278.49811027240406 74.00224776749802 297.70583091808885 75.61715508578257
297.70583091808885 75.61715508578257 315.9836734494083 79.49717720326042
315.9836734494083 79.49717720326042 327.63313500034576 96.1942306933816
327.63313500034576 96.1942306933816 327.0812196481819 117.9001187666089
327.0812196481819 117.9001187666089 311.42305532068235 133.38120955262906
311.42305532068235 133.38120955262906 290.187967491348 136.91475372001605
6.956675429771234 364.9406690203598 27.92454114205175 351.66520979005656
27.92454114205175 351.66520979005656 38.824784158219394 341.41105239918227
38.824784158219394 341.41105239918227 49.280208240075325 352.36622721915353
49.280208240075325 352.36622721915353 52.926648245736146 365.31351336945056
52.926648245736146 365.31351336945056 44.97610783966172 380.0836745232362
44.97610783966172 380.0836745232362 26.619948187996158 378.8941849616209
26.619948187996158 378.8941849616209 6.956675429771234 364.9406690203598
292.0140831158868 502.2856405759281 276.468014431306 497.78931922476744
276.468014431306 497.78931922476744 266.119801872902 484.32212265030745
266.119801872902 484.32212265030745 282.21511364199773 473.22756636020176
282.21511364199773 473.22756636020176 296.1523468027273 484.74897443494393
296.1523468027273 484.74897443494393 292.0140831158868 502.2856405759281
418.97894093713586 15.301173223791134 427.8276235122719 14.264803012617467
427.8276235122719 14.264803012617467 435.4254435517819 17.924066035211602
435.4254435517819 17.924066035211602 432.90692369964876 26.135428847779313
432.90692369964876 26.135428847779313 425.97015037909375 27.68785063168357
425.97015037909375 27.68785063168357 421.31570537320613 23.65959910721814
421.31570537320613 23.65959910721814 418.97894093713586 15.301173223791134
166.25840226189035 425.58803973515904 162.19386880486098 428.9199096414278
162.19386880486098 428.9199096414278 157.78390480464972 434.7767093656569
157.78390480464972 434.7767093656569 152.20548977018638 430.4123335372642
152.20548977018638 430.4123335372642 149.8458639247911 424.89876370513446
149.8458639247911 424.89876370513446 153.12636992842246 420.50468601710963
153.12636992842246 420.50468601710963 156.0819759119782 416.7739890753008
156.0819759119782 416.7739890753008 162.6814183394344 413.24452865895483
162.6814183394344 413.24452865895483 167.1161650848042 419.22775911037394
167.1161650848042 419.22775911037394 166.25840226189035 425.58803973515904
479.74574260695636 42.424988103462006 486.4034487525982 34.765396622451746
486.4034487525982 34.765396622451746 495.32507499229513 37.288074720260184
495.32507499229513 37.288074720260184 498.63412995012874 43.105321683007915
498.63412995012874 43.105321683007915 506.7476231787947 50.6661200709761
506.7476231787947 50.6661200709761 495.3246655358098 51.5243523330218
495.3246655358098 51.5243523330218 489.7507374377523 55.55226433743998
489.7507374377523 55.55226433743998 483.426720929801 51.200610848056805
483.426720929801 51.200610848056805 479.74574260695636 42.424988103462006
483.2531379566512 170.1615900452199 489.6380411109284 170.99531333023816
489.6380411109284 170.99531333023816 492.17210430813805 176.25323350275195
492.17210430813805 176.25323350275195 495.8438577602059 181.509690885166
495.8438577602059 181.509690885166 490.0116318950954 184.359606700183
490.0116318950954 184.359606700183 485.7863228737713 188.82623114305153
485.7863228737713 188.82623114305153 481.0330471816631 185.0253416311681
481.0330471816631 185.0253416311681 474.6199578230264 180.93049029049294
474.6199578230264 180.93049029049294 480.4676027639188 175.76179677989194
480.4676027639188 175.76179677989194 483.2531379566512 170.1615900452199
424.58339872996686 448.8882195594455 436.9289342257804 403.4852127252076
436.9289342257804 403.4852127252076 468.5939869788542 407.9597756963843
468.5939869788542 407.9597756963843 480.2678374770923 450.0877816509541
480.2678374770923 450.0877816509541 424.58339872996686 448.8882195594455
202.88826549036713 43.713832253749274 217.33358779273232 72.33710729822064
217.33358779273232 72.33710729822064 179.93393270884377 67.86491001659292
179.93393270884377 67.86491001659292 202.88826549036713 43.713832253749274
99.83402302117968 482.6428818092851 106.46229823259284 476.7622879327034
106.46229823259284 476.7622879327034 113.33603441888417 482.8540828284368
113.33603441888417 482.8540828284368 114.28347914244998 491.8293525221741
114.28347914244998 491.8293525221741 106.42149010506722 494.8377230431871
106.42149010506722 494.8377230431871 99.78969024324954 499.1126746175777
99.78969024324954 499.1126746175777 99.2406937765675 490.4681706821852
99.2406937765675 490.4681706821852 95.99697599213347 486.36999878756825
95.99697599213347 486.36999878756825 99.83402302117968 482.6428818092851
410.8792568247507 121.79144185824303 403.55389420816505 119.67750849018068
403.55389420816505 119.67750849018068 399.6441719907565 110.3394399898412
399.6441719907565 110.3394399898412 407.3050200549961 103.06922943664036
407.3050200549961 103.06922943664036 415.9592198430897 106.58805429108796
415.9592198430897 106.58805429108796 426.1062497344984 108.421623097548
426.1062497344984 108.421623097548 421.16129267787 117.52903355041157
421.16129267787 117.52903355041157 417.6172881848055 123.73094808727255
417.6172881848055 123.73094808727255 410.8792568247507 121.79144185824303
483.8284009439044 302.3508877340106 479.03087688171667 292.5033256166515
479.03087688171667 292.5033256166515 489.0722499193454 288.2436090668373
489.0722499193454 288.2436090668373 498.46554703465057 287.366786246181
498.46554703465057 287.366786246181 508.4908786387951 293.46321437838463
508.4908786387951 293.46321437838463 506.2164446398859 305.2855933206397
506.2164446398859 305.2855933206397 494.9946523545355 304.67773216223486
494.9946523545355 304.67773216223486 487.8346327567031 309.97681500846835
487.8346327567031 309.97681500846835 483.8284009439044 302.3508877340106
93.8828409971629 221.3442900208645 96.17024071913235 230.69599934591696
96.17024071913235 230.69599934591696 88.3376628461252 236.599384249791
88.3376628461252 236.599384249791 78.37845449838291 240.91957904100204
78.37845449838291 240.91957904100204 74.95620519512164 230.01422893700052
74.95620519512164 230.01422893700052 75.10177644777832 224.0161278822482
75.10177644777832 224.0161278822482 74.44284865356482 216.70852928117233
74.44284865356482 216.70852928117233 81.28476576814865 212.4259828612644
81.28476576814865 212.4259828612644 93.73383601785497 208.05567823911957
93.73383601785497 208.05567823911957 93.8828409971629 221.3442900208645
326.7843323432161 453.8246755331909 317.29625796004075 433.0290365408444
317.29625796004075 433.0290365408444 333.0790969810139 415.4315457135521
333.0790969810139 415.4315457135521 353.30047334123043 422.8717718013729
353.30047334123043 422.8717718013729 365.46484637886607 442.03081381544763
365.46484637886607 442.03081381544763 350.1613869535612 463.89983378043513
350.1613869535612 463.89983378043513 326.7843323432161 453.8246755331909
79.37150415989038 19.335871850871275 82.25577604705094 23.328078263509063
82.25577604705094 23.328078263509063 81.73005921925501 27.175578078693704
81.73005921925501 27.175578078693704 86.55881657548397 33.45877960041311
86.55881657548397 33.45877960041311 81.51193131664208 38.53349106267149
81.51193131664208 38.53349106267149 75.90799573948239 32.361029354361555
75.90799573948239 32.361029354361555 73.14128414627294 30.737632075203273
73.14128414627294 30.737632075203273 69.04751034347288 27.864463278916055
69.04751034347288 27.864463278916055 67.39153273521333 21.063231173899375
67.39153273521333 21.063231173899375 74.87746108358215 21.347997680420033
74.87746108358215 21.347997680420033 79.37150415989038 19.335871850871275
357.1143532275762 366.4185007427019 362.8383148378201 368.4632202983949
362.8383148378201 368.4632202983949 357.8798958163584 372.78826937103224
357.8798958163584 372.78826937103224 359.1127373053454 379.6470461626294
359.1127373053454 379.6470461626294 352.9887487921067 382.4457739419214
352.9887487921067 382.4457739419214 346.2026020536849 380.3324451360628
346.2026020536849 380.3324451360628 348.13829117214567 372.6493412824829
348.13829117214567 372.6493412824829 348.4256722619805 369.3276440426951
348.4256722619805 369.3276440426951 350.83347497441673 367.32404190932164
350.83347497441673 367.32404190932164 353.8422032807977 359.2223156466026
353.8422032807977 359.2223156466026 357.1143532275762 366.4185007427019
388.2213879905705 8.194177182478906 398.8477593079216 15.012862901379338
398.8477593079216 15.012862901379338 390.012507154659 18.593764465043645
390.012507154659 18.593764465043645 388.2213879905705 8.194177182478906
35.48122451413283 259.6406402168478 27.06535467147786 268.1250473202282
27.06535467147786 268.1250473202282 18.048397689891928 260.3132025031708
18.048397689891928 260.3132025031708 11.187378212861963 250.2461163175574
11.187378212861963 250.2461163175574 20.158633283763727 241.37836857606385
20.158633283763727 241.37836857606385 30.407933867750195 243.7065611699668
30.407933867750195 243.7065611699668 31.975899292440417 251.50119264903174
31.975899292440417 251.50119264903174 35.48122451413283 259.6406402168478
217.184673232352 162.2385884512603 220.45583455356805 174.97283278105272
220.45583455356805 174.97283278105272 213.76889339268948 187.49762110375914
213.76889339268948 187.49762110375914 199.37476425027427 183.77793337788654
199.37476425027427 183.77793337788654 198.83626083476605 171.32166495240904
198.83626083476605 171.32166495240904 204.22231129734865 161.8470888513158
204.22231129734865 161.8470888513158 217.184673232352 162.2385884512603
417.77866866874115 321.7297776839304 424.48532281718633 334.9502961526699
424.48532281718633 334.9502961526699 411.2444020328578 332.4219667172964
411.2444020328578 332.4219667172964 417.77866866874115 321.7297776839304
315.8758863975048 29.48682756804692 312.4447074464033 21.028339095350482
312.4447074464033 21.028339095350482 314.35344240721946 11.710770004450659
314.35344240721946 11.710770004450659 324.48013094988295 14.765254563341577
324.48013094988295 14.765254563341577 331.7349473718222 8.930400409438835
331.7349473718222 8.930400409438835 335.3067966500232 16.484386123001045
335.3067966500232 16.484386123001045 331.7679723281688 22.347820591709684
331.7679723281688 22.347820591709684 329.46118333314445 26.288060715490378
329.46118333314445 26.288060715490378 323.9991054380763 33.67430889438564
323.9991054380763 33.67430889438564 315.8758863975048 29.48682756804692
312.5418960202774 337.0491006163736 319.04289666136026 342.4745486782052
319.04289666136026 342.4745486782052 308.5864935407224 348.8598477464247
308.5864935407224 348.8598477464247 312.5418960202774 337.0491006163736
375.6918452292382 487.4082708957059 384.1851941217534 488.04951293284313
384.1851941217534 488.04951293284313 378.5608006670888 494.2474581474056
378.5608006670888 494.2474581474056 378.31844067954086 501.34759805646553
378.31844067954086 501.34759805646553 371.9482116641156 498.3303985815128
371.9482116641156 498.3303985815128 367.9023605805163 496.59928994109015
367.9023605805163 496.59928994109015 366.945632617419 492.3347975248397
366.945632617419 492.3347975248397 367.40356346285955 487.7149633821278
367.40356346285955 487.7149633821278 370.73115315961087 480.40843534307834
370.73115315961087 480.40843534307834 375.6918452292382 487.4082708957059
149.68253588782486 11.730324075847951 153.21393983520602 9.068979261518178
153.21393983520602 9.068979261518178 160.0975434675617 5.21335732809508
160.0975434675617 5.21335732809508 165.63301496462265 12.444839916106051
165.63301496462265 12.444839916106051 164.03203986937427 23.055623216846868
164.03203986937427 23.055623216846868 153.9452117706213 19.930784540700188
153.9452117706213 19.930784540700188 146.28781013843079 18.739174008343475
146.28781013843079 18.739174008343475 149.68253588782486 11.730324075847951
69.6888799057945 293.15425378874767 73.85127284795213 285.98288838644214
73.85127284795213 285.98288838644214 78.79212655825816 280.7218572082742
78.79212655825816 280.7218572082742 84.01910844125528 285.71787748766195
84.01910844125528 285.71787748766195 93.75382842676979 287.4581131547266
93.75382842676979 287.4581131547266 85.6167639004291 293.24465369728415
85.6167639004291 293.24465369728415 82.55521220822921 296.62007115083384
82.55521220822921 296.62007115083384 75.14196556336788 300.10059857965405
75.14196556336788 300.10059857965405 69.6888799057945 293.15425378874767
256.5911837317054 420.1309073416743 263.4657844556848 427.9028086458139
263.4657844556848 427.9028086458139 256.4967189991773 435.8562569542154
256.4967189991773 435.8562569542154 246.29833066736626 433.2040258119798
246.29833066736626 433.2040258119798 246.15946312632357 421.91743588031926
246.15946312632357 421.91743588031926 256.5911837317054 420.1309073416743
369.3103000199479 326.34339078986267 377.55134673674627 328.4221003074345
377.55134673674627 328.4221003074345 381.3974530333832 334.27847914223685
381.3974530333832 334.27847914223685 377.1762186878919 339.2223484957251
377.1762186878919 339.2223484957251 367.7535240920876 346.4036338871754
367.7535240920876 346.4036338871754 367.24166844090763 334.6280996978282
367.24166844090763 334.6280996978282 369.3103000199479 326.34339078986267
28.216632675403304 185.10136059109038 31.33885688902668 183.20934995563857
31.33885688902668 183.20934995563857 34.552324014422666 185.47950257155867
34.552324014422666 185.47950257155867 36.61463378760871 189.66376518590823
36.61463378760871 189.66376518590823 34.71319271707297 194.59993126427847
34.71319271707297 194.59993126427847 29.517092625705846 193.04811431243058
29.517092625705846 193.04811431243058 25.266953016417993 193.57805451877957
25.266953016417993 193.57805451877957 19.646321779796107 190.29324253453365
19.646321779796107 190.29324253453365 25.47310735839204 186.20566645265637
25.47310735839204 186.20566645265637 28.216632675403304 185.10136059109038
148.21728239862975 192.4555236369896 149.75796778587582 181.94237663165882
149.75796778587582 181.94237663165882 159.5700416680576 185.98299532792447
159.5700416680576 185.98299532792447 165.95464648491765 191.72731811395477
165.95464648491765 191.72731811395477 162.59629818683962 199.56373023658026
162.59629818683962 199.56373023658026 155.7780580354614 208.97847081634418
155.7780580354614 208.97847081634418 150.6662497763681 198.18130682038537
150.6662497763681 198.18130682038537 148.21728239862975 192.4555236369896
105.76302630900933 393.85272729377067 117.60285264785747 397.04368439884513
117.60285264785747 397.04368439884513 123.4010999185512 406.65726362397794
123.4010999185512 406.65726362397794 126.9345998618379 418.2389122972385
126.9345998618379 418.2389122972385 115.24346006387746 422.2152628388834
115.24346006387746 422.2152628388834 106.56363751035263 428.072100038253
106.56363751035263 428.072100038253 101.87228601859249 418.3194075354544
101.87228601859249 418.3194075354544 101.05006219911535 412.12193866483835
101.05006219911535 412.12193866483835 101.66830206670484 405.8622077384213
101.66830206670484 405.8622077384213 105.76302630900933 393.85272729377067
28.077099009424174 54.89829300301605 11.610143386689488 47.73645125092341
11.610143386689488 47.73645125092341 25.568274256108666 39.7291820749397
25.568274256108666 39.7291820749397 28.077099009424174 54.89829300301605
447.8362497818422 153.65552750663895 453.5264946139309 148.23336370628365
453.5264946139309 148.23336370628365 452.6838935239516 138.27279450958002
452.6838935239516 138.27279450958002 461.7143142957241 138.27335328596158
461.7143142957241 138.27335328596158 465.2625934487647 145.72117205291926
465.2625934487647 145.72117205291926 463.5316600261839 150.84697285771983
463.5316600261839 150.84697285771983 463.5529867971172 155.19602070271307
463.5529867971172 155.19602070271307 459.4601711910537 157.7107389632814
459.4601711910537 157.7107389632814 453.8654095246162 157.7024959321795
453.8654095246162 157.7024959321795 447.8362497818422 153.65552750663895
396.98585195048577 73.77821153497334 381.0339846491881 78.44342216316096
381.0339846491881 78.44342216316096 383.0679564012336 63.75055224003963
383.0679564012336 63.75055224003963 396.55574449450313 56.89998656031621
396.55574449450313 56.89998656031621 396.98585195048577 73.77821153497334
