500 500
28
440.30213838434156 429.8685297512984 0.45786497109051705 0.647900006171234 0.9910803073962094 30.416934408045535
180.0886251767922 231.89215787225766 0.27226316785229154 0.6045273984274097 0.41781623595948125 31.246785651826784
391.45091627937734 462.4057153115599 0.8083093921699311 0.327423029926022 0.5160370396650258 40.36871369501949
48.03694974249773 52.341382257508116 0.011657336907262228 0.708986861659206 0.6571346413928084 46.03146471349722
491.8748854003014 483.08740514372215 0.8240259216733415 0.5807844478283711 0.3445001363715414 41.21651698241605
99.48381922993849 325.76178977175516 0.06386925741940719 0.6427058219735864 0.1435926625258147 37.380551733102635
185.53951847608263 104.98574272558173 0.5856585725992466 0.12038685150124562 0.9791226540473758 34.64856687885408
284.64112736860335 472.45403599559694 0.8182679011482189 0.8533155216973128 0.6430282333669548 46.75743556691271
281.41480344938134 85.18439075914685 0.9456665400014432 0.8448987399768499 0.8609699764924905 34.99091622222536
417.9761073576655 299.1090120274905 0.9545710502587689 0.03468448462569007 0.6343824063870089 39.119182489085794
216.68268329761761 442.6618575234669 0.35011065242021067 0.7950194975150533 0.346736112743936 31.181578304379013
62.385490298650424 302.8703645334011 0.11860132657837352 0.599833618034492 0.3508267673605362 47.23549766723288
64.52584081956363 62.38051469080017 0.561878979725016 0.8117709225767265 0.5066829657657589 38.63325667079232
166.2347574448258 377.90717081864335 0.11964286233927324 0.5935252132257636 0.8119331072347988 30.129236303094164
329.29594918361124 14.154357010003451 0.4488782093985295 0.45634542768669395 0.20688313466328134 47.196937786856104
14.624992771691787 433.25164191791964 0.9875331049064398 0.8491797434254267 0.4965570657701378 32.057953831598425
138.5578156921169 274.19994499886343 0.10328816816013309 0.32855272375104605 0.5872669887447107 40.05247940385354
490.64696222426176 384.9498946317593 0.7833546832307046 0.12149960155830142 0.3188342434609043 46.949573675907
248.36044548914714 422.3236348513306 0.8016504420065328 0.9660283256596515 0.9413506899077534 32.32569132579712
198.38347801859229 233.60447935253464 0.19873720615943535 0.7751325417508417 0.4196398267715159 47.37130888662316
489.257427325233 368.398177515987 0.24766750834083828 0.9479585039713991 0.928433632240408 42.69087375202004
395.4464038428364 312.83855434886675 0.5608534903305169 0.3600584305270713 0.4992146713485194 30.58572757264453
134.0763086333044 309.42100999697914 0.6139977609463148 0.9690535019275225 0.8077390284197113 38.21849113351857
240.6265620508516 452.79262549654027 0.4595308310907982 0.5082997445719608 0.5568256828362115 37.18251093205618
122.06324277849534 62.39464020458725 0.44381365286299546 0.9111843528983044 0.6737865241745163 39.82798557132216
161.19239030767218 222.168681480473 0.30496090202531534 0.34511121633049135 0.4570751938399239 38.4942840798945
66.16780142432476 493.38899145091597 0.5040230124316692 0.9383046986202636 0.8738057346162781 37.899063014391274
469.67832087349575 249.6891876051736 0.29187491481767613 0.5797235080191886 0.20615917678335027 44.41599744483189
459
209.64066394696118 17.414423941833856 225.04061508334192 8.476607984907115
225.04061508334192 8.476607984907115 232.45368800253826 23.510775189498702
232.45368800253826 23.510775189498702 234.27929581851183 37.65143094425006
234.27929581851183 37.65143094425006 220.59127275708127 35.358540034423086
220.59127275708127 35.358540034423086 206.63233903887382 33.21737737434261
206.63233903887382 33.21737737434261 209.64066394696118 17.414423941833856
397.0784925647885 211.47941758055592 427.8567120890987 227.21379690753227
427.8567120890987 227.21379690753227 409.8520075811311 247.4448074960824
409.8520075811311 247.4448074960824 397.0784925647885 211.47941758055592
216.69491595585583 102.11961195425813 235.35565627909588 83.13830776650019
235.35565627909588 83.13830776650019 257.7681014908561 96.23517379247312
257.7681014908561 96.23517379247312 252.78507906084536 121.55165430736638
252.78507906084536 121.55165430736638 242.4621666439023 133.8891384636201
242.4621666439023 133.8891384636201 233.44922356626338 141.92758694050445
233.44922356626338 141.92758694050445 216.16309182105007 165.12817367737694
216.16309182105007 165.12817367737694 213.98836919693414 134.05839029012256
213.98836919693414 134.05839029012256 207.25891749997464 125.3947286370645
207.25891749997464 125.3947286370645 194.25721457057136 104.7241093999516
194.25721457057136 104.7241093999516 216.69491595585583 102.11961195425813
109.26735043583525 331.31289559065567 111.5073673696989 346.27320298557095
111.5073673696989 346.27320298557095 110.10692311848914 357.38038191010025
110.10692311848914 357.38038191010025 99.05929806124948 362.82775472016914
99.05929806124948 362.82775472016914 88.76058874164956 356.1173498227113
88.76058874164956 356.1173498227113 88.3351423005173 344.89263697241995
88.3351423005173 344.89263697241995 91.82930594710156 328.7124818653595
91.82930594710156 328.7124818653595 109.26735043583525 331.31289559065567
133.9071385756592 379.1556356794206 145.68874646057378 363.9182893327726
145.68874646057378 363.9182893327726 153.21550294706185 379.18858300576954
153.21550294706185 379.18858300576954 133.9071385756592 379.1556356794206
437.30709153579977 119.49223288990355 399.46917775317917 145.28542028293816
399.46917775317917 145.28542028293816 398.26242747225444 109.99968987810249
398.26242747225444 109.99968987810249 437.30709153579977 119.49223288990355
283.7799742139068 216.2699401610883 312.9128470952407 254.76543138911498
312.9128470952407 254.76543138911498 284.98968750817596 270.6241646961269
284.98968750817596 270.6241646961269 268.9818091234799 255.74316515535094
268.9818091234799 255.74316515535094 283.7799742139068 216.2699401610883
411.5813048700031 374.20104703962534 433.50853338769946 370.3796921357749
433.50853338769946 370.3796921357749 420.9862315824684 390.01049486995095
420.9862315824684 390.01049486995095 399.539800725579 390.5874466779515
399.539800725579 390.5874466779515 411.5813048700031 374.20104703962534
289.03321580352105 193.06827680274156 276.6123647566628 187.4648787127827
276.6123647566628 187.4648787127827 281.6913213107737 178.03380538110574
281.6913213107737 178.03380538110574 287.99395133288067 175.88902639010672
287.99395133288067 175.88902639010672 291.0951841915775 181.67821410424204
291.0951841915775 181.67821410424204 289.03321580352105 193.06827680274156
132.0527888679451 416.9667207723039 192.58707851508626 443.6554497286909
192.58707851508626 443.6554497286909 140.10119674183966 476.13683129601344
140.10119674183966 476.13683129601344 132.0527888679451 416.9667207723039
63.292232662355566 72.55907158494254 75.59957695924228 81.52839077745935
75.59957695924228 81.52839077745935 74.81643616319404 97.18596886245358
74.81643616319404 97.18596886245358 59.92230367369326 105.60044730492642
59.92230367369326 105.60044730492642 40.10015720978204 97.46494435041741
40.10015720978204 97.46494435041741 43.75732582005999 74.7660382769775
43.75732582005999 74.7660382769775 63.292232662355566 72.55907158494254
433.83359175928007 480.5326697301661 426.88019954658625 483.8387738889531
426.88019954658625 483.8387738889531 421.50594794974376 486.72043489556097
421.50594794974376 486.72043489556097 417.18449125065695 481.77155178583524
417.18449125065695 481.77155178583524 414.78604417350584 473.45754828525077
414.78604417350584 473.45754828525077 422.81700353101115 467.3074522055471
422.81700353101115 467.3074522055471 427.37419982451655 476.1608157338286
427.37419982451655 476.1608157338286 433.83359175928007 480.5326697301661
464.1171282440341 72.48748655404425 459.0905504091653 67.49172807849484
459.0905504091653 67.49172807849484 452.7975162178627 57.44731147992264
452.7975162178627 57.44731147992264 467.0097614645066 58.68617581281189
467.0097614645066 58.68617581281189 471.57036769420216 49.934073456385484
471.57036769420216 49.934073456385484 479.4656060926158 53.80405373364254
479.4656060926158 53.80405373364254 478.79126087118254 62.361242564027265
478.79126087118254 62.361242564027265 484.57798760305883 69.90397264175131
484.57798760305883 69.90397264175131 475.05750199973306 71.27161269265741
475.05750199973306 71.27161269265741 470.15243623736535 73.7782671171859
470.15243623736535 73.7782671171859 464.1171282440341 72.48748655404425
322.65848502979935 64.25986383227334 310.92316646898985 77.42857559811799
310.92316646898985 77.42857559811799 292.0903700491545 77.12094326476928
292.0903700491545 77.12094326476928 282.6242055965418 61.61729935797744
282.6242055965418 61.61729935797744 279.90814280852925 46.91604946078993
279.90814280852925 46.91604946078993 276.41195287290805 26.03878626881465
276.41195287290805 26.03878626881465 295.7019623063166 18.263830155636974
295.7019623063166 18.263830155636974 318.7501105518015 9.691566949796751
318.7501105518015 9.691566949796751 320.05847906392887 37.835570522629595
320.05847906392887 37.835570522629595 337.2889714822785 50.49849013209257
337.2889714822785 50.49849013209257 322.65848502979935 64.25986383227334
432.9006088912903 311.68090810692564 434.7574175250936 301.37897752211853
434.7574175250936 301.37897752211853 443.1824222868765 294.6774955323792
443.1824222868765 294.6774955323792 453.9854173133224 296.69659707314236
453.9854173133224 296.69659707314236 452.16106042104354 307.456882489023
452.16106042104354 307.456882489023 455.26086074098754 314.5067343342133
455.26086074098754 314.5067343342133 448.19628488984404 317.53939703979654
448.19628488984404 317.53939703979654 438.9576226726488 320.16759356443083
438.9576226726488 320.16759356443083 432.9006088912903 311.68090810692564
47.21032834029125 254.1720454610998 18.56749543701096 230.4295537462117
18.56749543701096 230.4295537462117 35.25835079626066 199.66912688100734
35.25835079626066 199.66912688100734 47.73794076158581 182.38759397169937
47.73794076158581 182.38759397169937 72.64897601859235 169.4607665133669
72.64897601859235 169.4607665133669 99.14714717149127 187.06894397211283
99.14714717149127 187.06894397211283 106.15730899738985 220.95995899735317
106.15730899738985 220.95995899735317 72.09141147799107 227.64512607462711
72.09141147799107 227.64512607462711 47.21032834029125 254.1720454610998
332.9008046963069 325.88677086234384 343.8870115906551 297.54161939751623
343.8870115906551 297.54161939751623 373.0823562136375 313.56820247331115
373.0823562136375 313.56820247331115 355.35896795629526 334.96163373302414
355.35896795629526 334.96163373302414 332.9008046963069 325.88677086234384
312.2009912695295 442.0940435249236 326.29490524184973 469.0495241096675
326.29490524184973 469.0495241096675 301.71692966360774 486.6918902422714
301.71692966360774 486.6918902422714 297.6281780821195 462.3105500177669
297.6281780821195 462.3105500177669 312.2009912695295 442.0940435249236
177.13982609129954 53.016384854941926 173.03669517195254 61.62454760455938
173.03669517195254 61.62454760455938 164.47723856278117 59.31396339338889
164.47723856278117 59.31396339338889 152.13726901210725 66.22345179391058
152.13726901210725 66.22345179391058 158.3801834739953 53.52611204021895
158.3801834739953 53.52611204021895 159.75322886470602 49.043848846110194
159.75322886470602 49.043848846110194 164.00298881722978 41.860007640456615
164.00298881722978 41.860007640456615 175.89808180221115 41.13534165073088
175.89808180221115 41.13534165073088 177.13982609129954 53.016384854941926
161.61220249188733 207.3636750749293 160.11927666036377 214.28680981624137
160.11927666036377 214.28680981624137 159.6141215640541 219.0526696089912
159.6141215640541 219.0526696089912 154.9042706217736 223.00755043080792
154.9042706217736 223.00755043080792 149.87124852881266 219.40326359441482
149.87124852881266 219.40326359441482 147.8288692213896 214.441151979644
147.8288692213896 214.441151979644 150.97552921428573 210.62835220642822
150.97552921428573 210.62835220642822 154.6779095977986 204.98221534658475
154.6779095977986 204.98221534658475 161.61220249188733 207.3636750749293
230.48067996710498 396.69373003212934 235.24962049065272 373.052617979854
235.24962049065272 373.052617979854 258.460665660118 353.1955041359429
258.460665660118 353.1955041359429 270.3720726048148 380.68985290273207
270.3720726048148 380.68985290273207 264.74368047154167 396.21220303710425
264.74368047154167 396.21220303710425 251.27350653206412 403.44346815956237
251.27350653206412 403.44346815956237 230.48067996710498 396.69373003212934
127.90199343149354 307.9742893494234 123.64732802802402 289.69597421837443
123.64732802802402 289.69597421837443 133.5133639404363 279.05892073789056
133.5133639404363 279.05892073789056 146.94453099516286 294.21707299553185
146.94453099516286 294.21707299553185 127.90199343149354 307.9742893494234
214.42080001839906 310.9578678886398 204.89985289324326 337.76289024854935
204.89985289324326 337.76289024854935 171.4863796021388 338.8710377869342
171.4863796021388 338.8710377869342 171.93931737918862 306.9131542189799
171.93931737918862 306.9131542189799 193.73964211684972 299.58354211757836
193.73964211684972 299.58354211757836 214.42080001839906 310.9578678886398
402.1769481537108 70.13154835801782 410.51831761877463 63.81270073958329
410.51831761877463 63.81270073958329 413.64458540501687 57.48024629793319
413.64458540501687 57.48024629793319 422.96869976888553 58.37366367372584
422.96869976888553 58.37366367372584 422.5555136556053 67.64877167657893
422.5555136556053 67.64877167657893 416.61749848014654 70.4085846679886
416.61749848014654 70.4085846679886 412.26985563443236 71.57825421813962
412.26985563443236 71.57825421813962 402.1769481537108 70.13154835801782
21.464073444430895 424.0470587092204 32.25220520291291 417.9017805459847
32.25220520291291 417.9017805459847 40.07461578960668 426.9773356477321
40.07461578960668 426.9773356477321 42.96399842343868 440.28877658374597
42.96399842343868 440.28877658374597 29.570574942727234 439.52799009055406
29.570574942727234 439.52799009055406 18.64505192998003 436.0434055690586
18.64505192998003 436.0434055690586 21.464073444430895 424.0470587092204
39.466795037780855 315.647518056411 36.02213303979745 310.14120272244907
36.02213303979745 310.14120272244907 33.66198336846144 307.4214678335423
33.66198336846144 307.4214678335423 29.43734794150154 302.48473588671624
29.43734794150154 302.48473588671624 34.509337722400275 299.16847746591816
34.509337722400275 299.16847746591816 39.19464519066068 301.0361113417062
39.19464519066068 301.0361113417062 42.736967891563985 300.52749625620015
42.736967891563985 300.52749625620015 43.483696825627185 304.0267172259274
43.483696825627185 304.0267172259274 49.32996317217305 308.54106919421815
49.32996317217305 308.54106919421815 43.457392768321526 311.0140764328386
43.457392768321526 311.0140764328386 39.466795037780855 315.647518056411
353.08132001765506 441.47651294698534 333.3901553279145 424.996218491276
333.3901553279145 424.996218491276 340.5258389364929 407.6843853504763
340.5258389364929 407.6843853504763 357.4383061232948 402.2557881845918
357.4383061232948 402.2557881845918 372.8251445331467 421.1042490008249
372.8251445331467 421.1042490008249 353.08132001765506 441.47651294698534
314.41716528147225 177.21846742879404 324.04210745008476 151.27903853326353
324.04210745008476 151.27903853326353 342.6197978061876 132.37398719192012
342.6197978061876 132.37398719192012 361.5010027892817 156.88070518535636
361.5010027892817 156.88070518535636 340.8879209591458 170.27823663694534
340.8879209591458 170.27823663694534 314.41716528147225 177.21846742879404
201.845877640455 227.38432177947354 195.94382612351876 221.46661853976053
195.94382612351876 221.46661853976053 202.117769619397 217.08536464851846
202.117769619397 217.08536464851846 212.6145228462616 221.9067241411971
212.6145228462616 221.9067241411971 201.845877640455 227.38432177947354
59.42269603513224 478.73603988447644 67.78322730458346 485.08903988043437
67.78322730458346 485.08903988043437 58.56643817906023 490.2678323599951
58.56643817906023 490.2678323599951 47.67822175100309 494.1279766951679
47.67822175100309 494.1279766951679 46.934888202953985 482.4017964336937
46.934888202953985 482.4017964336937 51.5683256694003 473.5016300447949
51.5683256694003 473.5016300447949 59.42269603513224 478.73603988447644
182.42342880706002 252.65569312018275 175.70688608167663 255.28156418065626
175.70688608167663 255.28156418065626 168.51370268466587 253.59320213067355
168.51370268466587 253.59320213067355 169.08664025235927 246.45359220066865
169.08664025235927 246.45359220066865 166.8775453056292 238.53469984605027
166.8775453056292 238.53469984605027 174.6605719998642 233.49681870414253
174.6605719998642 233.49681870414253 185.09263318044006 235.3413612677681
185.09263318044006 235.3413612677681 181.77414182096012 245.84421571892108
181.77414182096012 245.84421571892108 182.42342880706002 252.65569312018275
37.431190120966036 386.28068802788334 37.19180095385541 379.13563087012784
37.19180095385541 379.13563087012784 43.29852284936513 381.94371090283704
43.29852284936513 381.94371090283704 51.16317659904686 379.2425811475129
51.16317659904686 379.2425811475129 48.16638299953314 387.4874725019119
48.16638299953314 387.4874725019119 52.85089821128033 393.3682637857683
52.85089821128033 393.3682637857683 44.826884512028215 392.73317618893833
44.826884512028215 392.73317618893833 41.275649924122 399.2010597189042
41.275649924122 399.2010597189042 36.350488853939254 395.30303909400885
36.350488853939254 395.30303909400885 37.61561276218841 389.59848381859564
37.61561276218841 389.59848381859564 37.431190120966036 386.28068802788334
463.8785923754066 440.83211338769075 467.8627320354551 451.9415802223399
467.8627320354551 451.9415802223399 457.6287631897359 457.88140952762814
457.6287631897359 457.88140952762814 450.3529297602483 448.2339690090663
450.3529297602483 448.2339690090663 440.307555266372 445.9389034364515
440.307555266372 445.9389034364515 444.3539448727243 436.95373449583343
444.3539448727243 436.95373449583343 449.025664029143 430.822877384039
449.025664029143 430.822877384039 456.21298853752774 432.49742266682676
456.21298853752774 432.49742266682676 465.4350343232062 431.87765202489254
465.4350343232062 431.87765202489254 463.8785923754066 440.83211338769075
382.7572920084817 468.43874342299 389.10051307790167 474.4666645601121
389.10051307790167 474.4666645601121 382.52123737484135 482.9469354678071
382.52123737484135 482.9469354678071 369.30047793087437 480.1355163280167
369.30047793087437 480.1355163280167 373.9819933266864 467.8030594285136
373.9819933266864 467.8030594285136 382.7572920084817 468.43874342299
142.82484471298972 114.07137477862585 120.92411809794935 128.4888285743418
120.92411809794935 128.4888285743418 116.73927752366345 105.0537357687084
116.73927752366345 105.0537357687084 118.35242779881682 84.36919063600571
118.35242779881682 84.36919063600571 139.0869971549252 93.55487403476965
139.0869971549252 93.55487403476965 142.82484471298972 114.07137477862585
375.8181899158348 256.456697707208 373.8318407207466 273.7752328921434
373.8318407207466 273.7752328921434 357.08597964447324 279.7824789149986
357.08597964447324 279.7824789149986 354.55438310071327 264.40080091446305
354.55438310071327 264.40080091446305 359.11628843036175 250.83197734667027
359.11628843036175 250.83197734667027 375.8181899158348 256.456697707208
476.99831272952804 468.4520581976004 483.4240119031403 466.1961021645084
483.4240119031403 466.1961021645084 488.5688513590448 469.8364227683003
488.5688513590448 469.8364227683003 491.7488162739032 474.3095192892232
491.7488162739032 474.3095192892232 487.9246481625786 478.2333540732105
487.9246481625786 478.2333540732105 486.1724512264843 482.0923916757239
486.1724512264843 482.0923916757239 482.0872876044436 480.9776123966372
482.0872876044436 480.9776123966372 474.5851793603577 481.65164860905537
474.5851793603577 481.65164860905537 475.18763945901185 474.7511504017036
475.18763945901185 474.7511504017036 476.99831272952804 468.4520581976004
462.4411840901107 361.3731211154917 481.20335224059886 368.08134934846703
481.20335224059886 368.08134934846703 484.4564893949545 384.3181506099432
484.4564893949545 384.3181506099432 469.4676016710617 394.6859879457561
469.4676016710617 394.6859879457561 458.48096800508023 380.66572050698284
458.48096800508023 380.66572050698284 462.4411840901107 361.3731211154917
374.4832574173499 35.542624224696 365.43279874322116 28.95191015850518
365.43279874322116 28.95191015850518 359.48437635118125 21.29194777979664
359.48437635118125 21.29194777979664 367.5343333925555 15.47010642709793
367.5343333925555 15.47010642709793 374.4204318929117 18.577989222378278
374.4204318929117 18.577989222378278 382.9718046868833 25.816873280637445
382.9718046868833 25.816873280637445 374.4832574173499 35.542624224696
224.3231669634603 449.48688956549665 224.85288250066097 443.286682319208
224.85288250066097 443.286682319208 225.5807369584514 436.03882811397364
225.5807369584514 436.03882811397364 234.1966309740424 434.08316198698077
234.1966309740424 434.08316198698077 235.29210355448427 442.5850275373259
235.29210355448427 442.5850275373259 236.7579044217995 448.675096482028
236.7579044217995 448.675096482028 230.73122288002403 452.21707677161476
230.73122288002403 452.21707677161476 224.3231669634603 449.48688956549665
62.417376322938374 294.2868988948481 70.17589666906436 291.6404422869814
70.17589666906436 291.6404422869814 74.47538660057305 283.70481579606206
74.47538660057305 283.70481579606206 78.48168177023358 291.7442164486227
78.48168177023358 291.7442164486227 85.26590454870188 294.94527130467327
85.26590454870188 294.94527130467327 81.36317152918403 301.0092986577591
81.36317152918403 301.0092986577591 77.36714291165434 306.06353401808377
77.36714291165434 306.06353401808377 69.35221188146863 309.0133887630444
69.35221188146863 309.0133887630444 62.52757188394713 303.01576308114335
62.52757188394713 303.01576308114335 62.417376322938374 294.2868988948481
86.81648061715418 38.58300282506881 91.13652870026633 39.96332528459014
91.13652870026633 39.96332528459014 100.11450305910384 42.284802084961
100.11450305910384 42.284802084961 96.06067556501068 49.81754379905922
96.06067556501068 49.81754379905922 89.70993657240723 51.354055677886166
89.70993657240723 51.354055677886166 84.78333218167307 52.81664761878783
84.78333218167307 52.81664761878783 80.7741327376095 49.321705799785406
80.7741327376095 49.321705799785406 80.49100160392065 44.38221549739804
80.49100160392065 44.38221549739804 79.77172072399983 37.262300022336056
79.77172072399983 37.262300022336056 86.81648061715418 38.58300282506881
225.84323726833887 257.97284412440496 221.60780808115024 267.73813572735196
221.60780808115024 267.73813572735196 211.0791336356207 262.08497451924273
211.0791336356207 262.08497451924273 211.81517689756546 251.33238097719897
211.81517689756546 251.33238097719897 220.24645274248402 251.0675266671004
220.24645274248402 251.0675266671004 225.20107997770089 252.31794684601837
225.20107997770089 252.31794684601837 225.84323726833887 257.97284412440496
292.9851194169109 332.57683897465233 297.41516792989523 329.0901334278947
297.41516792989523 329.0901334278947 306.5943668805158 324.40869202514455
306.5943668805158 324.40869202514455 307.94472038723217 334.4790257382033
307.94472038723217 334.4790257382033 303.0060110923309 339.2156268317818
303.0060110923309 339.2156268317818 297.4706247021274 346.12040840366825
297.4706247021274 346.12040840366825 295.0038361750516 337.464251662045
295.0038361750516 337.464251662045 292.9851194169109 332.57683897465233
53.437246862895776 354.21635469198037 55.49358759004765 349.9773020457392
55.49358759004765 349.9773020457392 59.27798434891749 344.4092567398448
59.27798434891749 344.4092567398448 66.86456577365145 347.0074645080437
66.86456577365145 347.0074645080437 67.8228378847136 355.0779521565265
67.8228378847136 355.0779521565265 62.18438406412201 359.46008936412187
62.18438406412201 359.46008936412187 56.397664925451934 358.554302439215
56.397664925451934 358.554302439215 53.437246862895776 354.21635469198037
482.44859008300097 25.224749634419442 476.89083002573443 22.375025959271667
476.89083002573443 22.375025959271667 477.4397176802426 16.794834557374596
477.4397176802426 16.794834557374596 475.8017045149048 9.983388341661204
475.8017045149048 9.983388341661204 482.60438258914843 9.244744164675545
482.60438258914843 9.244744164675545 486.17576199214983 13.269387613490107
486.17576199214983 13.269387613490107 489.9464166494251 16.916765052312794
489.9464166494251 16.916765052312794 488.52166478857265 22.953809664316417
488.52166478857265 22.953809664316417 482.44859008300097 25.224749634419442
25.256507154945012 59.4707382596115 20.167744051798618 51.93783729541566
20.167744051798618 51.93783729541566 15.559682767687399 48.29876935221467
15.559682767687399 48.29876935221467 20.276226824800975 44.80606334522695
20.276226824800975 44.80606334522695 25.76383042390234 37.989789351521544
25.76383042390234 37.989789351521544 31.630800426283372 44.65794744236632
31.630800426283372 44.65794744236632 27.301793545482116 50.68615934413625
27.301793545482116 50.68615934413625 25.256507154945012 59.4707382596115
182.88291620555339 200.67312786156702 176.7968847115108 199.88398791738857
176.7968847115108 199.88398791738857 167.5521365632843 203.1473532024495
167.5521365632843 203.1473532024495 167.08903563846167 194.10646765649565
167.08903563846167 194.10646765649565 166.16609635382494 186.86823463413228
166.16609635382494 186.86823463413228 169.53105936740386 178.34617141741938
169.53105936740386 178.34617141741938 178.6734684768687 178.93960231518085
178.6734684768687 178.93960231518085 183.11033128254218 185.32518399472772
183.11033128254218 185.32518399472772 188.50460294323648 189.2094911330828
188.50460294323648 189.2094911330828 189.3184396712603 196.75307047766447
189.3184396712603 196.75307047766447 182.88291620555339 200.67312786156702
74.92379065152299 458.2055886039701 63.50294501021786 458.6251309574698
63.50294501021786 458.6251309574698 56.59482647455149 450.04329460506335
56.59482647455149 450.04329460506335 69.10445037299446 446.0465848838786
69.10445037299446 446.0465848838786 74.92379065152299 458.2055886039701
249.6838524334433 187.17117891419824 259.488635020401 192.13992480886776
259.488635020401 192.13992480886776 259.1913161575391 198.94554403123746
259.1913161575391 198.94554403123746 253.62605515155633 206.75745663720647
253.62605515155633 206.75745663720647 245.3996104369698 198.65652208861792
245.3996104369698 198.65652208861792 249.6838524334433 187.17117891419824
471.9200891498477 169.4236248883755 479.9220613134225 182.87787760475857
479.9220613134225 182.87787760475857 472.7605069898937 191.29032626639966
472.7605069898937 191.29032626639966 464.37029560685323 199.62699566180896
464.37029560685323 199.62699566180896 457.27781057840383 189.35631393820304
457.27781057840383 189.35631393820304 455.9737821907853 175.06010258574383
455.9737821907853 175.06010258574383 471.9200891498477 169.4236248883755
22.67601126575089 16.700369886423093 15.48535070438375 15.89894318418586
15.48535070438375 15.89894318418586 10.212435305254095 14.382084127126351
10.212435305254095 14.382084127126351 11.486192866072749 8.648130739145623
11.486192866072749 8.648130739145623 16.510245355583113 5.700967285601259
16.510245355583113 5.700967285601259 26.337289146171173 7.114624316192829
26.337289146171173 7.114624316192829 22.67601126575089 16.700369886423093
94.83972325561388 416.88642549889204 81.85451697496826 414.57940143699005
81.85451697496826 414.57940143699005 69.81508687022092 420.03843406554097
69.81508687022092 420.03843406554097 66.07568504116512 407.78410527485596
66.07568504116512 407.78410527485596 70.16757369098362 397.6957251038111
70.16757369098362 397.6957251038111 79.36198947872529 394.63406285836953
79.36198947872529 394.63406285836953 86.92493486195922 398.04149179716705
86.92493486195922 398.04149179716705 94.91068347116823 404.18065546839614
94.91068347116823 404.18065546839614 94.83972325561388 416.88642549889204
365.624721049615 91.41101638863734 362.82429882419075 95.6309324499176
362.82429882419075 95.6309324499176 362.06472166469536 99.28532160492176
362.06472166469536 99.28532160492176 358.40913899185585 100.6108024237893
358.40913899185585 100.6108024237893 353.86351953413316 100.91476033181638
353.86351953413316 100.91476033181638 350.3384553840447 97.40344636332328
350.3384553840447 97.40344636332328 347.01901570070197 91.5156948789679
347.01901570070197 91.5156948789679 354.63868751946416 90.24660917715663
354.63868751946416 90.24660917715663 357.2936456191418 81.86737225938563
357.2936456191418 81.86737225938563 362.379739454394 87.59531000513621
362.379739454394 87.59531000513621 365.624721049615 91.41101638863734
364.6213756763961 214.6542276626558 357.51475317475706 216.68199365427634
357.51475317475706 216.68199365427634 353.4297973749466 211.2751137755641
353.4297973749466 211.2751137755641 353.24544902022035 206.65818971950998
353.24544902022035 206.65818971950998 351.4963890875928 198.76912348339883
351.4963890875928 198.76912348339883 358.97665186882807 201.31677372473806
358.97665186882807 201.31677372473806 363.6647861399709 202.81850632989736
363.6647861399709 202.81850632989736 365.3847693591381 207.8131654785134
365.3847693591381 207.8131654785134 364.6213756763961 214.6542276626558
385.6611263790042 68.39925996089626 376.58190876825927 62.8909175336768
376.58190876825927 62.8909175336768 379.15758140240547 55.175270271479874
379.15758140240547 55.175270271479874 391.3622622674636 55.621954383392755
391.3622622674636 55.621954383392755 385.6611263790042 68.39925996089626
435.08295529561894 14.477714045784143 443.669030013795 15.809901639679605
443.669030013795 15.809901639679605 441.9338425652526 23.93577891964334
441.9338425652526 23.93577891964334 440.5377226816397 31.483298480130316
440.5377226816397 31.483298480130316 433.6916159705986 36.922798222071215
433.6916159705986 36.922798222071215 427.17757239596165 30.520353366548612
427.17757239596165 30.520353366548612 415.5771191221233 30.600513168609233
415.5771191221233 30.600513168609233 419.3927561802748 20.674368388122527
419.3927561802748 20.674368388122527 424.5962223744106 15.963077416098383
424.5962223744106 15.963077416098383 430.0951196415185 16.02990895133322
430.0951196415185 16.02990895133322 435.08295529561894 14.477714045784143
57.99165286578496 46.32703441967824 52.93162800551516 51.232914842904165
52.93162800551516 51.232914842904165 45.11457732748358 49.98266879554808
45.11457732748358 49.98266879554808 45.44463600593395 42.28864958768984
45.44463600593395 42.28864958768984 44.63862767158584 36.123573361713845
44.63862767158584 36.123573361713845 50.21856671285109 30.941157546505046
50.21856671285109 30.941157546505046 57.62419435414608 33.61163249934728
57.62419435414608 33.61163249934728 56.551196367007485 40.80367327094606
56.551196367007485 40.80367327094606 57.99165286578496 46.32703441967824
470.09849699951917 122.90766967545957 461.636431953836 110.58470227639134
461.636431953836 110.58470227639134 477.39367456021944 102.40335209296984
477.39367456021944 102.40335209296984 470.09849699951917 122.90766967545957
147.203768410204 164.95256456218218 148.44378655812415 170.05313937614682
148.44378655812415 170.05313937614682 148.47092726374302 174.10188437909497
148.47092726374302 174.10188437909497 150.4225162667036 182.80826469981196
150.4225162667036 182.80826469981196 142.48426398744053 179.68144001634235
142.48426398744053 179.68144001634235 133.559552602963 185.14185730048223
133.559552602963 185.14185730048223 133.34943761757464 175.53170429621682
133.34943761757464 175.53170429621682 136.04620560600318 170.52708791427645
136.04620560600318 170.52708791427645 136.479065884878 164.92842568433102
136.479065884878 164.92842568433102 142.02739104435224 166.25295545918752
142.02739104435224 166.25295545918752 147.203768410204 164.95256456218218
20.564372131318134 354.84147604057523 27.433684671097193 355.90221813313394
27.433684671097193 355.90221813313394 34.918299681156384 354.88578940051343
34.918299681156384 354.88578940051343 35.25346106814613 362.6751540633063
35.25346106814613 362.6751540633063 30.24756207746148 367.30576085826993
30.24756207746148 367.30576085826993 23.20186244119843 368.35907610957014
23.20186244119843 368.35907610957014 18.468761259291846 362.2753878772256
18.468761259291846 362.2753878772256 20.564372131318134 354.84147604057523
414.69540616961467 439.9164481744048 407.78963039546875 435.66540771260907
407.78963039546875 435.66540771260907 409.6932311764526 428.19449915880745
409.6932311764526 428.19449915880745 410.5804052370552 419.33923245210826
410.5804052370552 419.33923245210826 419.41080460303465 420.32970008275856
419.41080460303465 420.32970008275856 426.4576844471324 424.2417600543822
426.4576844471324 424.2417600543822 423.0627141107575 431.4131262932905
423.0627141107575 431.4131262932905 420.4438805034701 435.4577171007553
420.4438805034701 435.4577171007553 414.69540616961467 439.9164481744048
451.9574895944174 266.8993745621499 456.1633537983037 259.62913169869
456.1633537983037 259.62913169869 459.15163031666157 256.5699589567864
459.15163031666157 256.5699589567864 462.75999548755175 249.48946124061584
462.75999548755175 249.48946124061584 470.25279798608926 251.9385981912425
470.25279798608926 251.9385981912425 471.03199851658 259.42533176305886
471.03199851658 259.42533176305886 469.48490703947203 264.8398633440045
469.48490703947203 264.8398633440045 466.5392142169674 271.73940763863334
466.5392142169674 271.73940763863334 459.61278978684624 269.01871380079245
459.61278978684624 269.01871380079245 451.9574895944174 266.8993745621499
240.71998017584633 482.9974773555572 236.70480511602008 487.9259051620567
236.70480511602008 487.9259051620567 232.33292995809575 489.0077321468054
232.33292995809575 489.0077321468054 229.33327366037653 488.2962309738361
229.33327366037653 488.2962309738361 224.72815544063909 489.24720993489734
224.72815544063909 489.24720993489734 222.16030827938357 485.18974129862164
222.16030827938357 485.18974129862164 221.46032967125444 479.3838868761343
221.46032967125444 479.3838868761343 226.16027663447053 475.6099403189253
226.16027663447053 475.6099403189253 231.92436789494909 475.2858839436243
231.92436789494909 475.2858839436243 237.8983575115723 477.0785329307711
237.8983575115723 477.0785329307711 240.71998017584633 482.9974773555572
102.48950235590395 21.29370538135287 97.80127831818217 19.191645478373225
97.80127831818217 19.191645478373225 96.97836654389566 12.692911740431217
96.97836654389566 12.692911740431217 103.8180395891402 13.110367517578116
103.8180395891402 13.110367517578116 108.82141101597374 11.295675199950573
108.82141101597374 11.295675199950573 109.13660395326531 16.944554900240778
109.13660395326531 16.944554900240778 112.28469635349917 20.736573657559283
112.28469635349917 20.736573657559283 108.09410520005069 23.002190908027206
108.09410520005069 23.002190908027206 104.24872823264941 27.545836129498092
104.24872823264941 27.545836129498092 102.48950235590395 21.29370538135287
409.71084168077465 294.2179631766561 407.4677669771428 309.24981550751363
407.4677669771428 309.24981550751363 390.7116020084649 303.68289047384286
390.7116020084649 303.68289047384286 396.34479995008235 286.9223416898191
396.34479995008235 286.9223416898191 409.71084168077465 294.2179631766561
134.12693900475426 231.68885940288112 148.30822908337308 234.22248246360707
148.30822908337308 234.22248246360707 141.80212096075348 248.9380870347186
141.80212096075348 248.9380870347186 124.3166894325657 244.8977101407376
124.3166894325657 244.8977101407376 134.12693900475426 231.68885940288112
167.73298900262057 381.1877972228225 175.96782440036387 367.93644202853847
175.96782440036387 367.93644202853847 189.8688050515707 372.096176922122
189.8688050515707 372.096176922122 181.7949387639885 382.1240045732976
181.7949387639885 382.1240045732976 167.73298900262057 381.1877972228225
264.26311619931533 326.42519323710803 265.4340937242912 336.1273812207757
265.4340937242912 336.1273812207757 255.86081428636493 337.72659183948775
255.86081428636493 337.72659183948775 251.73177943391187 332.23549185340994
251.73177943391187 332.23549185340994 248.02882307242564 327.73419925038866
248.02882307242564 327.73419925038866 249.59072513576322 318.5163179072322
249.59072513576322 318.5163179072322 259.30810126157206 319.48933525441316
259.30810126157206 319.48933525441316 264.26311619931533 326.42519323710803
122.32233632089981 51.2616629169399 119.98798277820256 61.30818157501593
119.98798277820256 61.30818157501593 112.93068570861567 55.24918847471422
112.93068570861567 55.24918847471422 114.83508348369965 49.1717753970281
114.83508348369965 49.1717753970281 122.32233632089981 51.2616629169399
