500 500
14
489.76029819300044 182.01332349524782 0.061658447826453466 0.04148229811414739 0.04181094478671199 33.400393146350474
121.96021213932843 254.73284793407024 0.4066599341822087 0.5097396900788715 0.2591266278556478 42.46993549230778
434.1397938730687 18.4271915272472 0.800989084933634 0.20353266979232143 0.6683176362375942 40.41893741086924
414.2743379437724 12.941833478554472 0.3777099472201878 0.38346503448121727 0.6346991580436869 45.788096866039325
214.02197778978098 29.39450045823619 0.7417251456512917 0.2272707469846531 0.5731732242894408 33.03797556856159
47.23488885397292 256.35922096502554 0.10082227041435587 0.43106632006102397 0.6677215144755203 32.7068339777647
415.2312674576442 134.8965343017281 0.1474131816402786 0.8255964389453276 0.6697850129971407 48.29978740896898
269.547845240305 96.00477910877545 0.5282298760789279 0.8118018473388613 0.16644474285103628 48.381098171664966
105.50025411539227 174.958680098724 0.0169587274057178 0.4459645268829009 0.2612167784635351 47.56502304132894
470.8757610096034 190.2265004389416 0.6127169945906766 0.1365866184423281 0.6326153298231846 48.64303071735209
472.1183082883238 111.67910966496302 0.874534094344096 0.7512816390272086 0.5381798340808317 30.991172811958403
178.47409384078426 400.20117108417753 0.10712602848046182 0.45212009327307945 0.8766869920654006 34.363205925176246
173.7350210725953 141.50305918886954 0.1349196468948104 0.5715843218976416 0.5395680367046775 49.132395391075356
219.51356747046876 48.70687934787466 0.7020987976810136 0.608714230556372 0.2582881606513655 35.534200166550775
246
371.72863380044896 47.40215179970869 383.13673903661214 45.219497128129476
383.13673903661214 45.219497128129476 383.02009665221533 56.54481232702925
383.02009665221533 56.54481232702925 378.54745444365756 62.346443333629345
378.54745444365756 62.346443333629345 371.8370468330289 61.07652537814636
371.8370468330289 61.07652537814636 365.80865156015597 54.89553935915842
365.80865156015597 54.89553935915842 371.72863380044896 47.40215179970869
369.5861401077662 306.56382722449626 388.0045707643751 325.03402622541705
388.0045707643751 325.03402622541705 392.93098905985244 341.498143692254
392.93098905985244 341.498143692254 400.91031379198233 381.26921706839744
400.91031379198233 381.26921706839744 361.64555861991175 376.3337630298485
361.64555861991175 376.3337630298485 339.42142835522736 352.3020298654302
339.42142835522736 352.3020298654302 337.0289583268732 317.3165103950511
337.0289583268732 317.3165103950511 369.5861401077662 306.56382722449626
107.91396145417897 263.5573478023134 104.8504882406163 290.40375136880914
104.8504882406163 290.40375136880914 124.96205633357428 323.225023004925
124.96205633357428 323.225023004925 89.98164831800847 327.18333007830137
89.98164831800847 327.18333007830137 55.14782547824879 332.60592897841184
55.14782547824879 332.60592897841184 33.37235670298109 299.95792336856385
33.37235670298109 299.95792336856385 69.58932642516727 280.90981614710665
69.58932642516727 280.90981614710665 81.71779281713194 265.35851150534415
81.71779281713194 265.35851150534415 107.91396145417897 263.5573478023134
268.86062975060287 121.28313718350617 261.7236135798232 131.0015213890771
261.7236135798232 131.0015213890771 247.10230382696884 127.3002396682457
247.10230382696884 127.3002396682457 249.48199835348814 113.01840007430012
249.48199835348814 113.01840007430012 258.6360223585354 105.49590926022351
258.6360223585354 105.49590926022351 266.9055672580351 112.43024490048454
266.9055672580351 112.43024490048454 268.86062975060287 121.28313718350617
131.9068544066627 109.26715492569463 125.31673182902838 112.79012943001662
125.31673182902838 112.79012943001662 118.46041745378298 114.56444217389986
118.46041745378298 114.56444217389986 112.83693787159167 109.90921666697915
112.83693787159167 109.90921666697915 112.10524515682852 103.08118977525098
112.10524515682852 103.08118977525098 111.93155399635106 94.08147938309357
111.93155399635106 94.08147938309357 120.48616811383684 88.00706035899796
120.48616811383684 88.00706035899796 129.6714150814111 93.04143455642087
129.6714150814111 93.04143455642087 135.51662823937727 100.72221152139572
135.51662823937727 100.72221152139572 131.9068544066627 109.26715492569463
47.97631364384732 456.0849935464917 35.56190174990724 470.4941659715985
35.56190174990724 470.4941659715985 19.31161063714742 463.7946373917224
19.31161063714742 463.7946373917224 15.548151674498127 443.6713140742914
15.548151674498127 443.6713140742914 40.0935545907448 430.4102117054067
40.0935545907448 430.4102117054067 47.97631364384732 456.0849935464917
108.03559017953992 175.0274468531712 106.731316817635 164.8742534986725
106.731316817635 164.8742534986725 113.62636939131691 159.1776564264073
113.62636939131691 159.1776564264073 120.16496963978588 164.89535051061992
120.16496963978588 164.89535051061992 117.06737275756745 171.6015261630817
117.06737275756745 171.6015261630817 108.03559017953992 175.0274468531712
495.0671110256953 67.3213320232431 481.24810529969915 73.67127263835614
481.24810529969915 73.67127263835614 475.8993788984261 62.13608820886009
475.8993788984261 62.13608820886009 485.5655551430589 57.71142098376504
485.5655551430589 57.71142098376504 495.0671110256953 67.3213320232431
138.57808300520094 440.54727126150806 129.93396183639803 441.31578687234366
129.93396183639803 441.31578687234366 132.82909287686346 432.8173202560504
132.82909287686346 432.8173202560504 135.10475969061216 428.97436942673295
135.10475969061216 428.97436942673295 139.18493050570476 425.28324569715573
139.18493050570476 425.28324569715573 148.71029246870643 423.97534061341366
148.71029246870643 423.97534061341366 146.87445054997335 433.37571752560905
146.87445054997335 433.37571752560905 145.44202433617772 440.16761647012174
145.44202433617772 440.16761647012174 138.57808300520094 440.54727126150806
91.36220947550406 23.50592475632928 100.75509997368547 21.176514156171002
100.75509997368547 21.176514156171002 103.97668503570046 30.060060541028445
103.97668503570046 30.060060541028445 95.9225558236235 34.876774294698215
95.9225558236235 34.876774294698215 94.0369540632839 46.101777639624615
94.0369540632839 46.101777639624615 84.45599296438616 42.64725420658716
84.45599296438616 42.64725420658716 85.04324228165486 33.10247688583452
85.04324228165486 33.10247688583452 79.30504613782747 27.387294348577406
79.30504613782747 27.387294348577406 82.99909426953027 19.30403564873101
82.99909426953027 19.30403564873101 91.36220947550406 23.50592475632928
277.6985759918463 217.70432682347098 278.94399474408823 235.62299480187684
278.94399474408823 235.62299480187684 263.76480491240335 247.75300535573683
263.76480491240335 247.75300535573683 252.47033687953066 233.93230591852782
252.47033687953066 233.93230591852782 250.18130375829412 220.80987875881513
250.18130375829412 220.80987875881513 262.21250124730284 215.44777803978906
262.21250124730284 215.44777803978906 277.6985759918463 217.70432682347098
23.55580409938696 125.23895873786476 27.034403884842966 129.26243278135928
27.034403884842966 129.26243278135928 33.00986344619373 135.53875309667893
33.00986344619373 135.53875309667893 24.851681645637893 137.91481450225345
24.851681645637893 137.91481450225345 20.387226803407952 135.68679483650925
20.387226803407952 135.68679483650925 12.020173431433125 133.0847915418542
12.020173431433125 133.0847915418542 17.22886524091363 126.32282416805134
17.22886524091363 126.32282416805134 23.55580409938696 125.23895873786476
171.26712082145397 60.69079212052124 163.3289031878966 66.296971555201
163.3289031878966 66.296971555201 157.36900884837996 55.29871179296248
157.36900884837996 55.29871179296248 169.4640438055024 50.483618249197114
169.4640438055024 50.483618249197114 171.26712082145397 60.69079212052124
193.71566091100968 151.47550610718082 193.5887314356082 159.78249502813244
193.5887314356082 159.78249502813244 187.63618978083093 166.48559483439107
187.63618978083093 166.48559483439107 177.30321759881423 167.98202352390183
177.30321759881423 167.98202352390183 168.8916051751776 160.03285304557983
168.8916051751776 160.03285304557983 174.9329756917329 150.69157248532625
174.9329756917329 150.69157248532625 178.5811931978627 140.2179044530745
178.5811931978627 140.2179044530745 186.71815098938447 148.6613553681355
186.71815098938447 148.6613553681355 193.71566091100968 151.47550610718082
434.11393784035056 181.88354930262892 438.0789289453275 197.49803714541534
438.0789289453275 197.49803714541534 426.1408682558054 192.17923741504868
426.1408682558054 192.17923741504868 434.11393784035056 181.88354930262892
481.8886320728191 253.6197630617164 481.48839700466976 247.27903270932057
481.48839700466976 247.27903270932057 487.1595542888682 248.8278163764006
487.1595542888682 248.8278163764006 492.29061861880916 248.80753990224824
492.29061861880916 248.80753990224824 492.80847021440223 253.96301022533603
492.80847021440223 253.96301022533603 494.50663766384173 258.5815615356224
494.50663766384173 258.5815615356224 491.29625411680956 262.65433240542217
491.29625411680956 262.65433240542217 486.4183384085042 261.06463117194244
486.4183384085042 261.06463117194244 483.79736186481034 259.1230326706903
483.79736186481034 259.1230326706903 480.3181691747698 257.20105609514286
480.3181691747698 257.20105609514286 481.8886320728191 253.6197630617164
260.7393541239343 463.19939345969516 271.9174348190729 463.43187703436166
271.9174348190729 463.43187703436166 264.9844339969288 474.42338465149686
264.9844339969288 474.42338465149686 251.55464171098365 471.13338728182515
251.55464171098365 471.13338728182515 260.7393541239343 463.19939345969516
438.9538092190354 472.4751190881443 441.2995348306734 476.96322673698864
441.2995348306734 476.96322673698864 436.8337830220707 479.6462106027197
436.8337830220707 479.6462106027197 434.63227545778716 484.2490730063672
434.63227545778716 484.2490730063672 429.0755140590445 483.9113595135311
429.0755140590445 483.9113595135311 424.04895822442404 479.8174599449082
424.04895822442404 479.8174599449082 424.8887954247069 473.22459451011497
424.8887954247069 473.22459451011497 431.2979557697436 472.4774186786712
431.2979557697436 472.4774186786712 434.6769448753657 471.39184812842456
434.6769448753657 471.39184812842456 438.9538092190354 472.4751190881443
300.51100147126465 29.54791611829297 294.84868576058295 22.236073827409488
294.84868576058295 22.236073827409488 301.24363585559877 9.891779936594318
301.24363585559877 9.891779936594318 310.21835135651907 20.17080491650416
310.21835135651907 20.17080491650416 313.5032128344528 27.582125925543476
313.5032128344528 27.582125925543476 308.9739526321157 40.87646014127212
308.9739526321157 40.87646014127212 300.51100147126465 29.54791611829297
311.1857223256118 460.2508994055417 307.45290156478126 457.54297809126757
307.45290156478126 457.54297809126757 306.49441811686904 453.999920021792
306.49441811686904 453.999920021792 305.03682676515825 445.6675736168726
305.03682676515825 445.6675736168726 313.85210658282267 445.0558942761968
313.85210658282267 445.0558942761968 321.0857346984949 450.79320101539025
321.0857346984949 450.79320101539025 317.81382034184384 459.04791488843864
317.81382034184384 459.04791488843864 311.1857223256118 460.2508994055417
488.48839352872545 128.19020299112694 481.5650305924509 128.7372654942859
481.5650305924509 128.7372654942859 474.82762512232574 127.38537986666937
474.82762512232574 127.38537986666937 473.34029677815283 120.72008586634735
473.34029677815283 120.72008586634735 476.41216128940846 116.00349615209382
476.41216128940846 116.00349615209382 479.58752563004873 111.68700299601996
479.58752563004873 111.68700299601996 486.69787058918854 108.60845775908265
486.69787058918854 108.60845775908265 489.4827004885221 115.83343936582352
489.4827004885221 115.83343936582352 490.55089689095706 121.5981953970857
490.55089689095706 121.5981953970857 488.48839352872545 128.19020299112694
218.717244223321 347.83756477498633 211.36585436612 355.722574945324
211.36585436612 355.722574945324 203.52829043521353 351.75431350027344
203.52829043521353 351.75431350027344 196.66294822737004 345.3413241806469
196.66294822737004 345.3413241806469 203.5749805570192 337.84098598695266
203.5749805570192 337.84098598695266 212.38581060766901 339.7655198084686
212.38581060766901 339.7655198084686 218.717244223321 347.83756477498633
323.8904303998562 165.72126346669276 325.26104329915313 155.45218753583907
325.26104329915313 155.45218753583907 328.83861224718567 147.57243111800497
328.83861224718567 147.57243111800497 335.9126878722876 141.19444452804524
335.9126878722876 141.19444452804524 344.58367200240775 145.02165792248678
344.58367200240775 145.02165792248678 350.25662390790825 150.6623034818107
350.25662390790825 150.6623034818107 348.9518260253148 158.05399036811764
348.9518260253148 158.05399036811764 346.5112927337076 163.63490651123058
346.5112927337076 163.63490651123058 341.1805346927328 166.55901022718174
341.1805346927328 166.55901022718174 335.03888760256496 166.19321855302763
335.03888760256496 166.19321855302763 323.8904303998562 165.72126346669276
416.6716868585177 127.28705759312932 408.57786997713475 124.53138879293495
408.57786997713475 124.53138879293495 398.6899984357812 119.69866001289925
398.6899984357812 119.69866001289925 407.7006579706687 113.00908806531348
407.7006579706687 113.00908806531348 413.17627600038634 106.15779253067444
413.17627600038634 106.15779253067444 418.4319170978646 113.16650006354973
418.4319170978646 113.16650006354973 423.0398249018194 120.36149465577851
423.0398249018194 120.36149465577851 416.6716868585177 127.28705759312932
49.86501115143794 86.33831847246151 44.59398040867282 83.22143103552281
44.59398040867282 83.22143103552281 39.2540653698263 78.16626167041072
39.2540653698263 78.16626167041072 47.18731381138558 74.08024073309355
47.18731381138558 74.08024073309355 48.24838451511343 69.4747525810761
48.24838451511343 69.4747525810761 53.562618314755156 65.67228117076036
53.562618314755156 65.67228117076036 55.96009485807198 72.30042431897624
55.96009485807198 72.30042431897624 62.26867138027445 74.99078748185991
62.26867138027445 74.99078748185991 61.58591572179358 81.78263640876112
61.58591572179358 81.78263640876112 56.60771379004413 86.7239121257262
56.60771379004413 86.7239121257262 49.86501115143794 86.33831847246151
203.73813745958054 470.15123046517266 210.43199727412252 469.59204360366726
210.43199727412252 469.59204360366726 214.08551946288293 471.46080826855746
214.08551946288293 471.46080826855746 216.65348885515607 473.4400650675302
216.65348885515607 473.4400650675302 223.06476684569674 478.10433703039365
223.06476684569674 478.10433703039365 218.3164185242661 483.56002094622556
218.3164185242661 483.56002094622556 212.09810613317276 480.2669498462776
212.09810613317276 480.2669498462776 207.49326796343215 480.8916288078303
207.49326796343215 480.8916288078303 204.09636683395766 476.7171966585019
204.09636683395766 476.7171966585019 203.73813745958054 470.15123046517266
174.2908155347148 397.3046515616688 169.70693327886423 390.8233099866141
169.70693327886423 390.8233099866141 174.34118234115832 383.3865019286062
174.34118234115832 383.3865019286062 182.2885182529378 390.8688400514466
182.2885182529378 390.8688400514466 174.2908155347148 397.3046515616688
487.0290358252173 193.05840754917213 483.10016813548475 195.13089536114398
483.10016813548475 195.13089536114398 476.9996133527625 197.52300204152746
476.9996133527625 197.52300204152746 472.4494871176121 191.90057260801612
472.4494871176121 191.90057260801612 478.1831143239109 187.42130761190253
478.1831143239109 187.42130761190253 480.0675706082296 181.44326140416115
480.0675706082296 181.44326140416115 486.6190110307401 182.42792874210755
486.6190110307401 182.42792874210755 487.2318849186654 188.625421975024
487.2318849186654 188.625421975024 487.0290358252173 193.05840754917213
422.8768136357585 12.016760258241952 426.0520671610464 14.357170121320578
426.0520671610464 14.357170121320578 429.4986893111025 16.176317108085343
429.4986893111025 16.176317108085343 427.83499405303695 19.77293181165887
427.83499405303695 19.77293181165887 428.0083635149967 24.14633409636526
428.0083635149967 24.14633409636526 423.81972778818465 24.560419581230917
423.81972778818465 24.560419581230917 421.3295591282576 22.003225574037234
421.3295591282576 22.003225574037234 413.6519263547787 22.67518381817107
413.6519263547787 22.67518381817107 412.98554025631114 16.15271547596807
412.98554025631114 16.15271547596807 419.4138137911169 14.01158447056496
419.4138137911169 14.01158447056496 422.8768136357585 12.016760258241952
217.4909979073082 34.29419603290293 217.65490582243828 39.05738770669741
217.65490582243828 39.05738770669741 219.89485585241036 43.58970791464016
219.89485585241036 43.58970791464016 215.8324953338422 46.61150525474403
215.8324953338422 46.61150525474403 210.20774641807972 49.4228183874393
210.20774641807972 49.4228183874393 205.78485117522175 44.80874988162064
205.78485117522175 44.80874988162064 205.09472417902637 39.089461620670384
205.09472417902637 39.089461620670384 206.2442911800863 32.7088892033329
206.2442911800863 32.7088892033329 212.87797577645878 35.78345666145189
212.87797577645878 35.78345666145189 217.4909979073082 34.29419603290293
370.39038331948217 483.90192386017105 371.17609159937643 476.08348722684894
371.17609159937643 476.08348722684894 376.586514927176 470.65969417845093
376.586514927176 470.65969417845093 383.9892214658876 472.7404188871344
383.9892214658876 472.7404188871344 384.9659640727348 479.36855239676595
384.9659640727348 479.36855239676595 385.1193397133286 486.95355597955887
385.1193397133286 486.95355597955887 377.0196306086846 488.77012540885045
377.0196306086846 488.77012540885045 370.39038331948217 483.90192386017105
267.53480554374045 405.5476223544441 264.9618351441642 409.9013969908493
264.9618351441642 409.9013969908493 255.63546218723806 413.30907873091996
255.63546218723806 413.30907873091996 259.14369760253635 403.9729714304918
259.14369760253635 403.9729714304918 265.20302972478095 394.91141517908477
265.20302972478095 394.91141517908477 267.53480554374045 405.5476223544441
252.91629642896606 308.7867759008687 251.97334039209525 315.96846627405
251.97334039209525 315.96846627405 252.34757969411461 323.4471513623041
252.34757969411461 323.4471513623041 244.2228131926604 324.8007353685415
244.2228131926604 324.8007353685415 241.84121044066748 317.78362752366087
241.84121044066748 317.78362752366087 242.09209815864935 313.1331199888802
242.09209815864935 313.1331199888802 245.11793164160807 306.11028785546586
245.11793164160807 306.11028785546586 252.91629642896606 308.7867759008687
466.5540766364182 419.0668578649464 476.1655932197571 408.87627203103705
476.1655932197571 408.87627203103705 490.16046957679674 414.87019631709114
490.16046957679674 414.87019631709114 483.49706456100705 426.37686699885444
483.49706456100705 426.37686699885444 479.41854084527046 436.7252554739307
479.41854084527046 436.7252554739307 471.3050091060594 428.90535365840884
471.3050091060594 428.90535365840884 466.5540766364182 419.0668578649464
15.023361282476653 21.952225170673017 21.773002201287376 26.595094486180066
21.773002201287376 26.595094486180066 24.70607800326387 31.460407002274135
24.70607800326387 31.460407002274135 23.766725652287217 36.75547164628343
23.766725652287217 36.75547164628343 19.34290422109947 39.31895391521702
19.34290422109947 39.31895391521702 15.21057546411363 37.502777663240465
15.21057546411363 37.502777663240465 9.666619266346174 35.20109926178622
9.666619266346174 35.20109926178622 9.737343606416184 28.31492654157482
9.737343606416184 28.31492654157482 15.023361282476653 21.952225170673017
