512 512
54
155.37952 197.363008 0.11418192028139776 0 1.0 7.75620125
256.278208 67.35404799999998 0.6862837678324506 0 1.0 8.51745
357.257728 197.599168 0.11526236547147717 0 1.0 7.758375
256.1152 372.314368 0.11382637228978207 0 1.0 7.755485
92.625664 350.045056 0.6809957546452217 0 1.0 8.51278625
92.728192 161.569984 1.0 0 0.6849795864723099 8.9836975
419.37433599999997 161.954944 1.0 0 0.6809957546452214 8.98721375
419.27180799999996 350.430016 0.6849795864723097 0 1.0 8.5163025
255.721792 444.645952 1.0 0 0.6862837678324508 8.98255
154.742272 314.40083200000004 1.0 0 0.11526236547147724 9.741624999999999
255.8848 139.685632 1.0 0 0.11382637228978212 9.744515
356.62048 314.63699199999996 1.0 0 0.11418192028139776 9.74379875
274.532992 104.90848 0.24266902939471457 0 1.0 7.98820125
413.93632 250.712128 0.27553135447399 0 1.0 8.0400325
231.98099200000001 289.206016 0.011657327383439376 0 1.0 7.5288075
94.67257599999999 188.42944 0.41595927701119306 0 1.0 8.2344125
191.76927999999998 87.651712 1.0 0 0.48657548012671586 9.1817175
389.08441600000003 126.145792 1.0 0 0.6009451980449259 9.0615775
320.23072 424.348288 0.48657548012671586 0 1.0 8.3182825
122.915584 385.85420799999997 0.6009451980449257 0 1.0 8.4384225
98.06368 261.287872 1.0 0 0.27553135447399 9.4599675
280.019008 222.793984 1.0 0 0.011657327383439548 9.971192499999999
417.327424 323.57056 1.0 0 0.41595927701119306 9.2655875
237.467008 407.09152 1.0 0 0.24266902939471452 9.51179875
252.775552 186.70816 0.034952948451581 0 1.0 7.58443125
359.725504 164.082112 0.18198768959821282 0 1.0 7.88491875
334.714624 272.409856 0.04817133408626966 0 1.0 7.61489375
427.057024 176.56576 0.6844474128151072 0 1.0 8.51583375
345.117952 90.86444800000001 0.650561314639076 0 1.0 8.48536375
172.06777599999998 127.47366399999999 0.24948224579439898 0 1.0 7.99917125
147.055744 235.800832 0.10090813912396333 0 1.0 7.7291475
229.139776 68.23839999999998 0.7312779601390564 0 1.0 8.55598
123.41996799999998 117.33068800000001 0.9241129839144155 0 1.0 8.7007
296.47110399999997 80.72108800000001 1.0 0 0.4820106141600186 9.1868975
443.658688 292.609024 0.8325070253738087 0 1.0 8.63574875
429.051136 219.390976 1.0 0 0.4399293858629171 9.23619625
279.635968 374.470912 0.1253359831244616 0 1.0 7.77844125
386.587264 351.84486400000003 0.3013580973103532 0 1.0 8.07893
82.94886400000001 292.609024 0.4399293858629173 0 1.0 8.26380375
163.656448 351.84486400000003 0.1622805105898283 0 1.0 7.84905625
125.412736 160.155136 1.0 0 0.3013580973103533 9.42107
68.34131200000002 219.390976 1.0 0 0.8325070253738084 8.86425125
348.343552 160.155136 1.0 0 0.1622805105898283 9.65094375
232.364032 137.529088 1.0 0 0.1253359831244616 9.72155875
388.580032 394.669312 1.0 0 0.9241129839144157 8.7993
215.528896 431.278912 0.4820106141600186 0 1.0 8.3131025
84.94297599999999 335.43424 1.0 0 0.6844474128151075 8.98416625
177.28537599999999 239.590144 1.0 0 0.048171334086269606 9.88510625
364.944256 276.199168 1.0 0 0.10090813912396328 9.7708525
282.860224 443.76160000000004 1.0 0 0.7312779601390562 8.94402
339.932224 384.526336 1.0 0 0.24948224579439898 9.50082875
166.882048 421.13555199999996 1.0 0 0.650561314639076 9.01463625
152.274496 347.917888 1.0 0 0.18198768959821288 9.61508125
259.224448 325.29184 1.0 0 0.034952948451581 9.91556875
54
156.38572480000002 197.94937792000002 254.9937952 255.41363008
256.27542592000003 69.24050751999997 256.00278208 254.11354048
356.24515071999997 198.18317631999997 257.01257728 255.41599168
256.114048 371.15122432 256.001152 257.16314368
94.25940736000001 349.10460544 254.36625664 256.94045056
94.36091008 162.51428416000002 254.36728192 255.05569984
417.74059263999993 162.89539456000003 257.63374336 255.05954944
417.63908991999995 349.48571584 257.63271808 256.94430016
255.72457408 442.75949248000006 255.99721792 257.88645952
155.75484928 313.81682368 254.98742272 256.58400832
255.885952 140.84877568 255.998848 254.83685632
355.61427519999995 314.05062208 257.0062048 256.58636992
274.34766207999996 106.4193952 256.18532992 254.4890848
412.35695680000003 250.76500672 257.5793632 255.94712128
232.22118208 288.87395584 255.75980992 256.33206016
96.28585024 189.10514560000001 254.38672576 255.3242944
192.41158719999999 89.33519488000002 255.3576928 254.31651712
387.75357184000006 127.44433408 257.33084416 254.70145792
319.5884128 422.66480512 256.6423072 257.68348288
124.24642816 384.55566591999997 254.66915584 257.29854208
99.6430432 261.23499327999997 254.4206368 256.05287872
279.77881792 223.12604416 256.24019008 255.66793984
415.71414976 322.8948544 257.61327424 256.6757056
237.65233791999998 405.5806048 255.81467008 257.5109152
252.80779648 187.4010784 255.96775552 255.3070816
358.68824896 165.00129088 257.03725504 255.08082112
333.92747776 272.24575744 256.78714624 256.16409856
425.34645376000003 177.36010240000002 257.71057024 255.2056576
344.22677248 92.51580352000002 256.89117952 254.34864448
172.90709823999998 128.75892735999997 255.16067776 254.71473664
148.14518656 236.00282368 254.91055744 255.79800832
229.40837824000002 70.116016 255.73139776 254.122384
124.74576832 118.71738112 254.67419968 254.61330688
296.06639296 82.47387712000003 256.40471104 254.24721088
441.78210112 292.24293375999997 257.87658688 256.36609024
427.32062464 219.75706624 257.73051136 255.63390976
279.39960831999997 373.28620288 256.23635968 257.18470912
385.28139136 350.88641536 257.30587264 256.95844864000003
84.67937536000002 292.24293375999997 254.26948864 256.36609024
164.57988352 350.88641536 255.07656448 256.95844864000003
126.71860864000001 161.11358464 254.69412736 255.04155136
70.21789888 219.75706624 254.12341312 255.63390976
347.42011648 161.11358464 256.92343552 255.04155136
232.60039168 138.71379712 255.76364032 254.81529088
387.25423168 393.28261888 257.32580032 257.38669312
215.93360704 429.52612288 255.59528896 257.75278912
86.65354624 334.6398976 254.28942976 256.7943424
178.07252224 239.75424256000002 255.21285376 255.83590144
363.85481344 275.99717632 257.08944256 256.20199168
282.59162176 441.88398400000005 256.26860224 257.877616
339.09290176 383.24107264 256.83932224 257.28526336
167.77322751999998 419.4841964799999 255.10882048 257.65135552
153.31175104 346.99870912 254.96274496 256.91917888
259.19220352 324.5989216 256.03224448 256.6929184
