580 640
18
140 250 0.14 0.56 0.99 60
200 50 0.177 0.32 0.12 30
450 450 0.77 0.132 0.88 50
150 450 0.77 0.632 0.56 70
155 455 0.17 0.932 0.26 24
200 530 0.27 0.832 0.96 30
300 550 0.17 0.132 0.86 70
40 100 0.37 0.4532 0.118 80
350 100 0.5 0.1532 0.118 60
330 200 0.3 0.5532 0.818 55
24 200 0.6 0.132 0.518 40
65 205 0.1 0.832 0.118 20
243 194 0.8 0.832 0.518 60
300 150 0.7 0.3 0.4 70
300 300 0.2 0.2 0.2 30
500 550 0.2 0.732 0.36 45
583 540 0.6 0.232 0.36 25
545 438 0.7 0.732 0.76 40
52
57.98975522014545 341.05113689684833 57.98975522014545 454.27549073277544
272.5201376397904 341.05113689684833 57.98975522014545 341.05113689684833
272.5201376397904 382.76542191288024 272.5201376397904 341.05113689684833
255.665050441855 399.62050911081565 272.5201376397904 382.76542191288024
255.665050441855 454.27549073277544 255.665050441855 399.62050911081565
57.98975522014545 454.27549073277544 255.665050441855 454.27549073277544
57.98975522014545 236.76554312974116 57.98975522014545 341.0511222335184
272.5201376397904 236.76554312974116 57.98975522014545 236.76554312974116
272.5201376397904 341.0511222335184 272.5201376397904 236.76554312974116
20.74489716117931 236.76554312974116 57.989755220145454 236.76554312974116
20.74489716117931 148.86768397591302 20.74489716117931 236.76554312974116
110.13256823336198 148.86768397591302 20.74489716117931 148.86768397591302
110.13256823336198 236.76554312974113 110.13256823336198 148.86768397591302
272.5201376397904 236.76554312974116 324.2758270118088 236.76554312974116
324.2758270118088 293.37774497536566 324.2758270118088 236.76554312974116
415.1532513490264 293.37774497536566 324.2758270118088 293.37774497536566
415.1532513490264 341.05113689684833 415.1532513490264 293.37774497536566
377.9083932900603 341.05113689684833 415.1532513490264 341.05113689684833
377.9083932900603 382.7653749902244 377.9083932900603 341.05113689684833
272.5201376397904 382.7654101822163 377.9083932900603 382.7653749902244
377.9083932900603 560.0508876202393 377.9083932900603 382.7653632595604
255.665050441855 560.0508876202393 377.9083932900603 560.0508876202393
255.665050441855 454.27549073277544 255.665050441855 560.0508876202393
57.98975522014545 560.0508876202393 57.98975522014545 454.27549073277544
255.665050441855 560.0508876202393 57.98975522014545 560.0508876202393
415.1532513490264 236.76554312974116 324.2758270118089 236.76554312974116
415.1532513490264 293.3777391100336 415.1532513490264 236.76554312974116
272.5201376397904 148.86768397591302 272.5201376397904 236.76554312974116
110.13255650269802 148.86764878392117 272.5201376397904 148.86768397591302
324.2758270118088 105.66364569484632 324.2758270118088 236.76554312974113
110.13256823336198 105.66362809885041 324.2758270118088 105.66364569484632
110.13256823336198 148.86768397591302 110.13256823336198 105.66362809885041
415.1532513490264 105.66364569484632 324.2758270118089 105.66364569484632
415.1532513490264 236.76554312974113 415.1532513490264 105.66364569484632
21.9179635567373 20.745768162978028 20.74489716117931 148.867686908579
166.42802748885583 20.745374892468917 21.9179635567373 20.745768162978028
165.2549464299679 105.66364862751232 166.42802748885583 20.745374892468917
272.5201376397904 20.74537342613592 165.2549464299679 20.74537342613592
272.5201376397904 105.66364862751232 272.5201376397904 20.74537342613592
415.1532513490264 20.74537342613592 272.5201376397904 20.74537342613592
415.1532513490264 105.66364862751232 415.1532513490264 20.74537342613592
519.4388832407915 341.05113689684833 415.15328067568623 341.05113689684833
519.4388832407915 509.3979011887073 519.4388832407915 341.05113689684833
377.9084226167201 509.3979393133651 519.4388832407915 509.3979011887073
519.4388832407915 560.0508876202393 377.9084226167201 560.0508876202393
519.4388832407915 500.4591147258934 519.4388832407915 560.0508876202393
565.6225072339093 341.05113689684833 519.4388832407914 341.05113689684833
565.6225072339093 454.27549073277544 565.6225072339093 341.05113689684833
519.4388832407914 454.27549073277544 565.6225072339093 454.27549073277544
619.2550735121607 454.27549073277544 565.6225072339095 454.27549073277544
619.2550735121607 560.0508876202393 619.2550735121607 454.27549073277544
519.4388832407914 560.0508876202393 619.2550735121607 560.0508876202393
