500 600
12
251 201 0 0 0.7 40
75 100 0.7 0 0 40
251 299 0 0.7 0 40
251 199 0.7 0.7 0 50
366 66 0 0.7 0.7 50
570 66 0.7 0 0.7 50
475 334 0.8 0.4 0.2 80
364 66 0.4 0.2 0.8 50
150 150 1 1 1 80
150 375 0.2 0.4 0.8 60
275 400 0.2 0.8 0.4 40
375 400 0.4 0.2 0.8 60
18
10 140 82 18
60 175 135 50
82 18 160 65
10 140 60 175
160 65 575 65
60 175 60 475
60 475 475 475
475 475 475 335
475 335 575 250
575 250 575 65
60 250 250 250
250 65 250 475
365 65 365 200
320 200 250 200
250 300 310 300
310 475 310 250
310 250 365 250
365 250 475 335
