535 640
7
100 100 0.1 0.3 0.9 100
290 180 0.7 0.2 0.1 110
30 400 0.9 0.9 0.6 100
240 400 0.3 0.6 0.6 120
450 420 0.1 1 0.2 100
520 420 0.7 0.2 0.1 100
520 290 0.5 0.7 0.9 100
30
20.816510222450816 268.7656029317218 20.816510222450816 58.10595268098239
236.37520894946636 268.7656029317218 20.816510222450816 268.7656029317218
236.37520894946636 373.2789114054262 236.37520894946636 268.7656029317218
236.37520894946636 514.3872951009387 236.37520894946636 424.5711577729201
20.816510222450816 514.3872951009387 236.37520894946636 514.3872951009387
20.816510222450816 437.6353213321332 20.816510222450816 514.3872951009387
20.816510222450816 373.2789114054262 20.816510222450816 58.10595268098239
220.12215507265012 176.75954018258966 96.68123955252668 209.83542098495565
439.5512408383695 209.83542098495565 553.8626591230552 209.83542098495565
284.4142985727144 268.7656222193648 439.5512408383695 268.7656029317218
284.4142985727144 334.0864464446445 284.4142985727144 268.7656222193648
439.55123119454805 334.0864464446445 284.4142985727144 334.0864464446445
439.55123119454805 404.3063384338434 439.55123119454805 334.0864464446445
276.2491899189919 437.63533097595473 439.5512408383695 437.63533097595473
276.2491899189919 514.3872951009387 276.2491899189919 437.63533097595473
503.2390285457117 514.3872951009387 276.2491899189919 514.3872951009387
503.2390285457117 302.4161076250482 503.2390285457117 514.3872951009387
553.8626591230552 302.4161076250482 503.2390285457117 302.4161076250482
553.8626591230552 209.83542098495565 553.8626591230552 302.4161076250482
553.8626591230552 58.105952680982384 439.5512408383695 58.105952680982384
553.8626591230552 154.46738382409671 553.8626591230552 58.105952680982384
220.12215507265012 176.75954018258966 220.12215507265012 20.81651027709914
124.96978269255499 514.3872822425099 124.96978269255499 373.2789114054262
619.1834672752989 154.46738382409671 553.8626591230552 154.46738382409671
619.1834672752989 514.3872951009387 619.1834672752989 154.46738382409671
503.2390381895332 514.3872951009387 619.1834672752989 514.3872951009387
20.816510222450816 20.816527677767777 220.12215507265012 20.81651027709914
20.816510222450816 60.00901941622734 20.816510222450816 20.816527677767777
439.5512408383695 58.105952680982384 220.12215507265012 58.105952680982384
276.2491963482062 514.3872951009387 236.37520894946636 514.3872951009387
