399 640
18
120 110 1 1 1 80
30 220 1 1 1 20
110 220 1 1 1 20
140 220 1 1 1 20
50 350 1 1 1 80
270 315 1 1 1 60
300 60 1 1 1 40
300 160 1 1 1 40
240 180 1 1 1 20
260 220 1 1 1 40
400 80 1 1 1 60
560 80 1 1 1 60
535 260 1 1 1 100
360 260 1 1 1 20
360 300 1 1 1 20
360 350 1 1 1 20
360 180 1 1 1 40
413 300 1 1 1 40
41
619.0955682900478 20.904431709952178 20.904431709952178 20.904431709952178
619.0955682900478 378.1549571410615 619.0955682900478 20.904431709952178
20.904431709952178 20.904431709952178 20.904431709952178 378.15492096379313
35.91799809515829 199.03701429582748 20.904431709952174 199.03701429582748
124.73318658587166 230.93755073296626 20.904431709952174 230.93755073296626
117.11090927277112 199.03701429582748 117.11090927277112 230.93755073296626
179.66112415037003 199.03701429582748 107.66835280272322 199.03701429582748
204.13555270343352 242.12837369835174 204.13555270343352 378.15492096379313
199.06859162454873 240.77069508127414 204.13555270343352 242.12837369835174
210.2856883311083 242.1283736983517 204.13555270343352 242.1283736983517
342.96668843553397 315.3873602931121 342.96668843553397 378.15492096379313
377.6968660976975 327.4047976641255 342.96668843553397 327.4047976641255
377.6968660976975 365.98694997897536 377.6968660976975 378.1549571410615
377.6968660976975 242.1283736983517 377.6968660976975 333.52968155845844
370.09963973409924 242.1283736983517 377.6968660976975 242.1283736983517
342.96668843553397 270.749440755204 377.6968660976975 270.749440755204
342.96668843553397 242.12837369835168 342.96668843553397 280.4472278538003
242.3265744809974 242.1283736983517 348.3259708873924 242.1283736983517
437.6665672736415 378.1549571410615 619.0955682900478 378.1549571410615
20.904431709952178 378.15492096379313 397.3251867511295 378.1549571410615
221.07910400314077 83.85287872262357 221.07910400314077 20.904431709952174
335.15540117482425 199.03701429582748 335.15540117482425 20.904431709952174
299.8825644866894 199.03701429582748 335.15540117482425 199.03701429582748
221.07910400314077 121.45493457066667 335.15540117482425 121.45493457066667
221.07910400314077 199.03701429582748 221.07910400314077 121.45493457066667
215.47162740143727 199.03701429582748 221.07910400314077 199.03701429582748
260.69321289904605 165.09486798254528 221.07910400314077 165.09486798254528
260.69321289904605 199.03701429582748 260.69321289904605 165.09486798254528
255.4475089813234 199.03701429582748 260.69321289904605 199.03701429582748
267.2051212107017 199.03701429582748 260.69321289904605 199.03701429582748
221.07910400314077 116.5710033369249 221.07910400314077 121.45493457066665
265.4846388574939 83.85287872262357 265.4846388574939 121.45493457066665
397.3251867511295 152.84504592797686 335.15540117482425 152.84504592797686
444.6380535143922 199.03701429582748 444.6380535143922 152.84504592797683
444.6380535143922 240.7706950812741 444.6380535143922 378.1549571410615
572.4268920565156 152.84504592797686 437.6665672736415 152.84504592797686
163.57946009297885 230.93755073296626 163.57946009297885 199.03701429582748
155.98223372938057 230.93755073296626 163.57946009297885 230.93755073296626
169.17058095163958 232.4357056832336 163.5794555708203 230.93755073296626
612.945432662373 152.84504592797686 619.0955682900478 152.84504592797686
225.9630352368825 199.03701429582748 221.07910400314077 199.03701429582748
