290 640
14
30 120 1 1 0.8 40
40 195 1 1 0.8 20
120 120 1 1 0.8 40
210 60 1 1 0.8 30
90 210 1 1 0.8 20
210 210 1 1 0.8 20
330 210 1 1 0.8 40
290 120 1 1 0.8 40
390 120 1 1 0.8 40
570 60 1 1 0.8 40
600 150 1 1 0.8 40
480 210 1 1 0.8 20
615 210 1 1 0.8 30
540 255 1 1 0.8 20
32
21.382492742006267 222.01202533938292 21.38250090630777 21.382488387712133
21.382492742006267 21.382488659855518 21.382492742006267 222.01202533938292
167.92626456092626 21.382488659855518 21.382492742006267 21.382488659855518
167.92626456092626 121.61289377540797 167.92626456092626 21.382488659855518
69.27973638609822 221.7072274713999 69.27973638609822 73.0897312352132
21.92677501845624 172.23156444999435 21.382492742006267 219.2905915053039
50.267786014053144 172.23156444999435 21.92677501845624 172.23156444999435
21.382488387712133 221.76710990148496 21.382488387712133 216.2371563506364
167.92627000379395 221.76710990148496 21.382488387712133 221.76710990148496
119.04932106516887 172.23156444999435 69.27973638609822 172.23156444999435
119.04932106516887 188.82143190612453 119.04932106516887 172.23156444999435
119.04932106516887 207.2509709447722 119.04932106516887 221.76710990148493
167.92626456092626 172.23156444999435 146.56845727394193 172.23156444999435
167.92626456092626 145.27303952889082 167.92626456092626 172.23156444999435
267.46543391906755 21.382488659855518 167.92627000379395 21.382488659855518
267.46543391906755 114.00920764299123 267.46543391906755 21.382488659855518
418.6737406081652 21.382488659855518 418.6737406081652 172.23156308927744
265.21752957211834 21.382488659855518 418.6737406081652 21.382488659855518
287.51148832655514 172.23156444999435 167.92627000379395 172.23156444999435
465.85250394858963 221.76710990148496 167.92627000379395 221.76710990148496
465.85250394858963 269.46293886679985 465.85250394858963 221.76710990148496
618.6174980051187 269.46293886679985 465.85250394858963 269.46293886679985
618.6174980051187 21.382488659855518 618.6174980051187 269.46293886679985
414.7004472104098 21.382488659855518 618.6174980051187 21.382488659855518
542.264936749029 268.7717150836975 542.264936749029 221.76710990148496
618.6174843979495 172.23156444999435 492.1905542019753 172.23156444999435
515.3064131886424 221.76710990148496 542.264936749029 221.76710990148496
508.51915720644934 196.42511803854129 508.51915720644934 172.23156308927744
465.85250394858963 110.64550045618351 618.6174843979495 110.64551950622035
465.85250394858963 172.23156308927744 465.85250394858963 110.64550045618351
433.0755684581112 172.23156444999435 324.5502300227087 172.23156444999435
472.7976167003283 172.23156444999435 451.3690466907903 172.23156444999435
