340 640
28
22 75 0.5 0.5 0.45 40
185 95 0.5 0.5 0.45 40
245 70 0.5 0.5 0.45 40
70 150 0.5 0.5 0.45 40
120 180 0.5 0.5 0.45 40
120 100 0.5 0.5 0.45 40
22 190 0.5 0.5 0.45 40
22 220 0.5 0.5 0.45 40
70 300 0.5 0.5 0.45 40
120 250 0.5 0.5 0.45 40
120 280 0.5 0.5 0.45 40
80 190 0.5 0.5 0.45 40
165 250 0.5 0.5 0.45 40
160 300 0.5 0.5 0.45 40
330 300 0.5 0.5 0.45 40
245 167 0.7 0.6 0.5 20
245 195 0.5 0.5 0.45 40
330 250 0.5 0.5 0.45 40
330 150 0.5 0.5 0.45 40
420 150 0.5 0.5 0.45 40
500 170 0.5 0.5 0.45 40
450 130 0.5 0.5 0.45 40
380 190 0.5 0.5 0.45 40
410 260 0.5 0.5 0.45 40
500 190 0.5 0.5 0.45 40
560 170 0.5 0.5 0.45 40
195 100 0.5 0.5 0.45 40
295 100 0.5 0.5 0.45 40
78
122.53748535608919 260.8730786503046 98.08535189043164 260.8730786503046
122.53748535608919 210.12336768384552 122.53748535608919 260.8730786503046
98.08535189043164 210.12336768384552 122.53748535608919 210.12336768384552
98.08535189043164 220.27330987713734 98.08535189043164 210.12336768384552
98.08535189043164 229.96189106164314 98.08535189043164 260.8730786503046
20.115340252196496 247.49360939551082 74.55594044234604 247.49360939551082
20.115340252196496 320.3886487836975 20.115340252196496 247.49360939551082
231.88004443836925 320.3886487836975 20.115340252196496 320.3886487836975
122.53748535608919 278.4047969841723 122.53748535608919 320.38864878369753
231.88004443836925 278.4047969841723 122.53748535608919 278.4047969841723
366.1360818474576 320.85000979248355 366.1360818474576 278.40479698417226
253.10265084252487 320.85000979248355 366.1360818474576 320.85000979248355
144.2214527690308 210.12336768384552 122.53748535608919 210.12336768384552
187.58938759491403 210.12336768384552 181.59169448069613 210.12336768384552
187.58938759491403 278.40479698417226 187.58938759491403 210.12336768384552
303.3909846525627 210.12336768384552 303.3909846525627 278.4047969841723
349.06572452237583 210.12336768384552 303.3909846525627 210.12336768384552
366.1360818474576 278.40479698417226 366.1360818474576 210.12336768384552
381.3609951373953 210.12336768384552 366.1360818474576 210.12336768384552
458.8696446134419 210.12336768384552 447.3356193937921 210.12336768384552
253.10265084252487 320.85000979248355 458.8696446134419 320.85000979248355
458.8696446134419 227.1937250089272 504.54438448325504 227.1937250089272
533.148790096037 227.1937250089272 504.54438448325504 227.1937250089272
619.8846597478034 227.1937250089272 596.8166093085039 227.1937250089272
619.8846597478034 99.85808658399344 619.8846597478034 227.1937250089272
504.54438448325504 99.85807966357831 619.8846597478034 99.85808658399344
504.54438448325504 181.98034614789998 504.54438448325504 99.85807966357831
458.8696446134419 181.98034614789998 504.54438448325504 181.98034614789998
458.8696446134419 191.20756632361983 458.8696446134419 181.98034614789998
433.9561501389984 115.54436088271717 433.9561501389984 181.98034614789998
504.54438448325504 115.54436088271717 433.9561501389984 115.54436088271717
458.8696446134419 153.8373246119545 458.8696446134419 115.54436088271717
453.33331250801007 153.8373246119545 458.8696446134419 153.8373246119545
436.7243161917143 153.8373246119545 433.9561501389984 153.8373246119545
441.7992872883602 181.98034614789998 433.9561501389984 181.98034614789998
429.80390105992444 181.98034614789998 433.9561501389984 181.98034614789998
319.5386199600724 181.98034614789998 412.7335437348427 181.98034614789998
303.3909846525627 181.98034614789998 307.0818727228506 181.98034614789998
303.3909846525627 99.85808658399344 303.3909846525627 181.98034614789998
433.9561501389984 99.85808658399344 303.3909846525627 99.85808658399344
433.9561501389984 115.54436088271717 433.9561501389984 99.85808658399344
381.3609951373953 99.85808658399344 381.3609951373953 181.9803461479
273.8638962378945 181.98034614789998 217.11649215721752 181.98034614789998
273.8638962378945 168.60087689310626 273.8638962378945 181.98034614789998
217.11649215721752 168.60087689310626 273.8638962378945 168.60087689310626
217.11649215721752 181.9803461479 217.11649215721752 168.60087689310626
20.115340252196496 71.25370403926195 20.115340252196496 247.4936093955108
187.58938759491403 71.25370403926195 20.115340252196496 71.25370403926195
187.58938759491403 56.49015291151274 187.58938759491403 71.25370403926195
223.96419218041265 20.115340252196496 187.58938759491403 56.49015291151274
267.3321420005286 20.115340252196496 223.96419218041265 20.115340252196496
303.70692467137934 56.490152911512745 267.3321420005286 20.115340252196496
303.70692467137934 90.16950539948762 303.70692467137934 56.490152911512745
187.58938759491403 122.9261301028779 187.58938759491403 90.16949847907249
187.58938759491403 181.98034614789998 187.58938759491403 164.4486278140323
109.15801610129544 181.98034614789998 187.58938759491403 181.98034614789998
74.55594044234604 181.98034614789998 92.08765877621374 181.98034614789998
74.55594044234604 247.49360939551082 74.55594044234604 181.98034614789998
98.08535189043164 304.2410134761878 98.08535189043164 260.8730786503046
38.108419594850176 181.98034614789998 20.115340252196496 181.98034614789998
53.33333288478791 181.98034614789998 74.55594044234604 181.98034614789998
38.108419594850176 202.74159154326964 20.115340252196496 202.74159154326964
74.55594044234604 202.74159154326964 53.33333288478791 202.74159154326964
41.799307734342264 99.85808658399344 20.115340252196496 99.85808658399344
112.38754316279739 99.85808658399344 92.08765877621374 99.85808658399344
112.38754316279739 181.51898513911402 112.38754316279739 99.85808658399344
187.58938759491406 99.85808658399344 112.38754316279737 99.85808658399344
303.70692467137934 99.85808658399344 303.70692467137934 90.16950539948762
122.53748535608919 280.2502410193162 122.53748535608919 260.8730786503046
80.55363355656394 247.49360939551082 74.55594044234604 247.49360939551082
231.88004443836925 90.16949847907249 187.58938759491403 90.16949847907249
253.10265084252487 90.16949847907249 303.70692467137934 90.16950539948762
458.8696446134419 227.1937250089272 458.8696446134419 210.12336768384552
458.8696446134419 313.00687264312165 458.8696446134419 320.85000979248355
458.8696446134419 278.40479698417226 458.8696446134419 227.1937250089272
504.54438448325504 214.73697777170543 504.54438448325504 181.9803461479
303.3909846525627 278.4047969841723 366.13608184745755 278.4047969841723
303.3909846525627 278.4047969841723 253.10265084252487 278.4047969841723
