544 640
17
120 30 0.5 1 0.2 150
240 15 0.2 0.7 0.4 100
200 150 0.3 0.3 1 130
200 200 1 0.3 0.3 130
230 200 0.1 0.85 0.85 150
20 220 0.9 0.85 0 170
50 490 0.7 0.6 0.7 90
340 490 0.1 0.8 0.8 90
300 300 0.1 0.2 0.8 90
500 430 0.9 0.9 0.9 90
550 30 0.1 0.9 0.1 100
580 190 0.9 0.1 0.1 90
440 185 0.3 0.3 0.3 90
290 185 0.8 0.2 0.6 80
120 470 1 0.1 0.1 200
150 420 0.1 1 0.1 200
540 390 0.1 0.9 0.5 90
64
20.923076923076927 20.923077286493033 222.1538352513628 20.923077286493033
222.1538352513628 20.923077286493033 222.1538352513628 118.76923294972744
222.1538352513628 118.76923294972744 329.230761962447 118.76923294972744
329.230761962447 118.76923294972744 329.230761962447 74.46154209569957
329.230761962447 74.46154209569957 475.0769049061175 74.46154209569957
475.0769049061175 74.46154209569957 475.0769049061175 224.00000218049667
475.0769049061175 224.00000218049667 596.9230623864324 224.00000218049667
596.9230623864324 224.00000218049667 596.9230623864324 393.8461596608116
596.9230623864324 393.8461596608116 475.0769049061175 393.8461596608116
475.0769049061175 393.8461596608116 475.0769049061175 312.61537225923684
475.0769049061175 312.61537225923684 537.8461175045427 312.61537225923684
222.1538352513628 118.76923294972741 222.1538352513628 312.61537225923684
222.1538352513628 312.61537225923684 366.1538316172017 312.61537225923684
366.1538316172017 312.61537225923684 366.1538316172017 185.23076050878254
366.1538316172017 185.23076050878254 432.61537007874017 185.23076050878254
432.61537007874017 185.23076050878254 432.61537007874017 523.076903452453
432.61537007874017 523.076903452453 20.923076923076927 523.0769543307086
20.923076923076927 523.0769543307086 20.923076923076927 275.6923498485766
20.923076923076927 275.6923498485766 148.3076886735312 275.6923498485766
148.3076886735312 275.6923498485766 148.3076886735312 430.7692620230163
148.3076886735312 430.7692620230163 329.230761962447 430.7692620230163
329.230761962447 430.7692620230163 329.230761962447 475.0769688673531
329.230761962447 475.0769688673531 81.84615748031497 475.0769688673531
81.84615748031497 475.0769688673531 81.84615748031497 323.69235348273776
20.923076923076927 134.30890950938823 222.15384615384616 134.30890950938823
20.923076923076927 134.30890950938823 20.923076923076927 213.69352852816473
20.923076923076927 213.69352852816473 192.6153846153846 213.69352852816473
192.6153846153846 213.69352852816473 192.6153846153846 387.2319973349485
192.6153846153846 387.2319973349485 379.0769230769231 387.2319973349485
379.0769230769231 387.2319973349485 379.0769230769231 466.6165909145972
515.1689884918231 352.3585763779527 576.0920654149 352.3585763779527
576.0920654149 352.3585763779527 576.0920654149 275.6923498485766
576.0920654149 275.6923498485766 432.6153846153846 275.69237165354326
432.6153846153846 134.30890950938823 358.7692307692307 134.30890950938823
358.7692307692307 134.30890950938823 358.7692307692307 152.77044070260447
358.7692307692307 152.77044070260447 259.0769230769231 152.77044070260447
259.0769230769231 152.77044070260447 259.0769230769231 275.6923498485766
259.0769230769231 275.6923498485766 299.6923149606299 275.6923498485766
299.6923149606299 275.6923498485766 299.6923149606299 249.84619600242274
299.6923149606299 249.84619600242274 329.230761962447 249.84619600242274
329.230761962447 249.84619600242274 329.230761962447 213.69352852816473
329.230761962447 213.69352852816473 329.230761962447 185.23076050878254
329.230761962447 185.23076050878254 299.6923149606299 185.23076050878254
299.6923149606299 185.23076050878254 299.6923149606299 224.00000218049667
259.0769230769231 20.923076923076923 259.0769230769231 85.53846190187764
259.0769230769231 85.53846190187764 286.769238037553 85.53846190187764
286.769238037553 85.53846190187764 286.769238037553 39.38461756511205
286.769238037553 39.38461756511205 504.61537007874017 39.38461756511205
504.61537007874017 39.38461756511205 504.61537007874017 203.69230987280434
504.61537007874017 203.69230987280434 619.0769012719563 203.69230987280434
619.0769012719563 203.69230987280434 619.0769012719563 20.923077286493033
619.0769012719563 20.923077286493033 585.8461538461538 20.923077286493033
585.8461538461538 20.923077286493033 585.8461538461538 170.46154064203512
557.3252574197456 203.69230987280437 557.3252574197456 52.30769448818898
585.8461538461538 20.923077286493033 259.0769230769231 20.923106359781947
531.1592973955178 20.923076923076923 531.1592973955178 185.23076414294366
475.07690127195633 103.78195614778922 358.7692307692308 103.78195614778922
432.6153846153846 352.3585763779527 231.38461538461536 352.3585763779527
222.15384615384616 170.46153700787403 52.307685039370085 170.46153700787403
20.923076923076927 134.30890587522714 20.923076923076927 104.77044797092671
20.923076923076927 104.77044797092671 113.23076923076923 104.77044797092671
113.23076923076923 104.77044797092671 113.23076923076923 52.30769448818898
432.6153846153846 475.0769688673531 619.0769012719563 475.0769688673531
619.0769012719563 475.0769688673531 619.0769012719563 203.69230987280437
