5 31 6 14 32 2 7 36
5 26 9 33 7 36 22 21
4 18 9 33 2 15 5
1 22 21 23
3 11 4 16 5 13
1 39 27 9
3 39 7 2 29 34
1 23 21 22
3 32 2 7 39 28
1 6 19 37
6 24 8 10 21 23 16 5 13
4 10 21 23 16 5 13
0 37 19
1 21 23 4
4 40 29 2 20 1 16
4 3 39 27 26 18 40
1 3 22 20
0 5 17
2 34 29 2 7
0 29 32
3 7 2 32 14 19
5 18 9 33 7 36 22 21
3 1 20 7 33 9
6 8 22 36 7 2 32 14 6
4 6 38 25 15 1 23
2 10 22 20 15
4 36 7 2 32 14 6
3 26 27 39 3 8
1 1 15 25
0 23 16
4 39 36 20 1 16 17
1 15 32 34
5 29 2 20 1 16 4 11
0 10 22
3 9 29 32 14 38
2 6 38 25 15
1 17 16 23
2 36 7 33 9
2 23 1 15 35
5 6 14 32 2 7 39 28
3 18 9 33 2 15
0 35 5
6 13 5 15 2 33 9 26 12
5 12 26 9 33 2 15 5
1 36 7 27
1 20 7 27
4 35 25 32 29 33 27
1 20 1 23
2 37 19 31 38
2 26 9 33 2
3 4 16 15 32 34
7 24 3 36 7 2 32 14 6 31
1 34 19 6
4 18 29 32 14 6 31
4 26 9 29 32 25 35
4 6 14 32 29 18 12
2 39 3 8 10
2 23 1 20 2
5 14 32 2 7 36 22 10
3 28 27 33 29 34
2 36 22 21 23
4 12 26 9 33 2 15
0 37 40
3 35 25 32 29 33
2 29 2 20 21
1 34 29 33
3 6 14 32 29 9
0 15 32
1 7 2 32
1 22 8 24
0 26 27
1 35 15 16
1 28 27 9
2 18 9 33 2
6 10 22 36 7 2 29 34 37
4 27 33 29 32 14 38
4 11 4 16 15 25 38
3 4 23 21 10 8
4 37 40 18 26 27 39
1 40 18 26
4 11 4 16 15 32 34
2 10 21 23 16
5 34 29 2 7 36 3 24
2 7 2 29 40
4 8 22 36 7 2 29
0 15 25
1 7 20 1
0 33 27
1 9 33 2
5 28 24 8 10 21 23 11
0 38 6
3 8 3 39 27 9
3 35 15 16 4 11
0 16 23
1 1 20 7
6 40 29 2 20 1 16 4 11
1 32 29 9
3 19 34 29 9 26
2 25 15 16 17
2 17 16 15 32
1 37 34 32
1 8 22 36
1 32 34 40
2 22 36 7 33
3 35 15 20 36 39
2 6 14 32 2
2 39 7 2 32
4 4 16 15 25 38 6
2 14 38 35 5
3 12 18 29 32 14
4 7 36 22 21 23 4
0 14 25
3 21 20 15 25 38
0 34 37
3 21 20 15 35 30
1 20 2 29
2 25 15 16 4
5 28 39 7 2 32 14 6
2 28 27 33 29
3 38 25 15 20 22
5 19 14 32 2 7 36 3
2 15 2 33 9
0 26 18
1 14 34 40
3 14 25 15 16 17
3 13 5 16 23 21
3 20 7 33 9 26
1 37 34 32
2 16 5 13 30
1 21 22 36
2 20 2 29 40
2 16 1 20 36
2 35 15 20 36
2 2 7 36 22
0 24 39
2 35 38 14 34
1 34 29 9
2 2 32 14 19
0 27 7
4 10 22 36 7 2 32
3 23 1 15 25 14
4 12 18 29 32 25 35
2 32 2 20 1
2 26 9 33 7
1 30 35 38
1 34 29 9
4 30 35 15 20 22 10
5 5 16 23 21 10 8 24
1 5 35 38
2 38 25 15 20
3 28 39 7 2 32
0 5 13
3 1 15 25 38 6
6 24 3 36 7 2 32 14 19
5 4 23 21 22 36 7 33
2 2 33 9 26
3 39 7 2 32 14
5 12 18 29 32 25 35 30
0 14 38
2 36 20 15 35
1 27 33 29
0 4 16
4 30 35 38 14 34 40
0 40 34
4 5 16 23 21 10 8
1 12 26 9
1 21 23 4
4 6 14 32 2 7 36
2 14 32 29 9
1 20 1 16
1 27 26 18
2 29 32 14 38
2 7 2 29 34
1 27 33 2
4 28 39 7 2 32 14
1 29 18 12
2 14 25 15 20
1 38 14 34
3 8 22 36 7 2
3 2 33 9 26 12
4 11 4 16 15 25 14
0 15 16
2 1 20 2 29
2 17 16 1 20
4 4 23 21 10 8 3
5 38 25 15 20 22 8 24
5 40 29 2 20 1 16 4
4 17 16 1 20 7 27
4 6 14 32 2 7 36
1 32 2 20
3 11 4 16 1 20
3 31 38 25 15 16
3 32 2 7 39 28
7 10 22 36 7 2 32 14 6 31
0 22 3
0 2 32
4 8 10 21 23 16 17
1 39 3 8
2 37 34 32 15
2 27 26 18 40
2 9 27 39 24
0 23 1
6 28 39 7 2 32 14 6 31
1 19 14 25
5 18 26 27 39 3 8 10
2 4 16 1 20
5 21 22 36 7 33 9 26
4 36 7 33 9 26 12
1 6 19 37
1 3 39 27
5 31 6 14 32 2 7 36
3 18 29 32 14 38
3 12 27 39 3 8
6 37 34 29 2 7 36 22 8
2 39 36 20 15
3 39 3 8 10 21
3 15 2 33 9 18
2 3 36 7 33
3 34 29 2 20 21
0 34 29
0 32 15
3 14 32 29 33 27
7 26 9 33 7 36 22 21 23 11
1 23 1 20
4 37 19 31 38 35 5
3 16 15 25 38 6
2 2 32 14 19
2 14 38 35 30
3 19 14 25 15 20
0 5 17
2 34 14 38 35
4 30 35 25 32 29 9
2 12 27 39 24
2 33 29 34 37
6 4 23 21 10 8 3 39 27
4 25 15 20 36 39 28
4 33 29 32 25 35 30
2 14 32 29 18
0 33 29
3 30 35 25 32 29
2 33 29 34 37
4 35 25 32 29 33 27
2 15 32 34 40
1 16 15 25
8 11 23 21 22 36 7 33 9 26 12
3 34 32 15 16 4
4 6 38 25 15 1 23
6 4 23 21 22 36 7 33 9
2 6 14 32 29
1 5 15 2
1 15 20 21
1 29 2 7
4 3 36 7 2 29 34
1 16 15 35
5 22 36 7 2 29 34 37
1 15 20 7
2 33 7 20 1
2 25 14 34 40
2 16 1 20 2
6 4 23 21 22 36 7 33 9
3 38 14 32 29 9
3 31 38 25 15 1
0 18 29
1 29 32 14
0 30 35
3 35 15 20 22 10
0 33 29
2 3 39 27 9
1 23 16 17
1 37 34 29
1 15 35 30
4 30 35 15 20 36 39
3 30 35 15 20 36
4 23 21 22 36 7 33
1 5 15 20
1 2 33 27
8 12 26 9 33 7 36 22 21 23 11
0 15 1
1 24 3 36
3 27 39 3 8 10
3 37 34 29 2 20
1 38 14 32
4 20 7 33 9 26 12
4 40 29 2 20 1 16
2 1 15 25 14
4 37 19 31 38 35 30
1 12 26 9
1 10 21 1
5 37 40 18 26 27 39 24
3 34 29 2 20 1
4 35 25 32 29 33 27
3 19 14 32 2 7
2 37 40 18 26
1 39 36 20
1 13 35 25
4 30 35 15 20 22 10
4 36 7 2 32 14 19
1 33 2 15
2 31 6 14 32
2 5 16 4 11
3 12 27 39 3 8
2 20 15 5 13
3 8 10 21 23 16
2 29 2 20 1
2 8 10 21 23
0 27 26
1 29 2 15
1 3 39 27
1 35 15 16
0 4 16
4 17 16 1 20 36 39
4 26 9 33 7 20 1
6 6 14 32 2 7 36 22 8
3 32 2 7 39 28
5 30 35 15 20 36 39 28
3 38 14 32 29 33
3 35 25 32 29 9
2 38 14 32 2
2 24 39 27 26
2 35 15 1 23
4 40 34 14 38 35 13
2 1 20 2 29
1 28 39 3
2 7 2 32 14
5 21 22 36 7 33 9 26
3 1 15 25 38 6
3 18 29 32 14 6
3 6 14 32 29 9
3 33 29 32 25 35
2 28 39 3 22
2 28 39 3 22
1 31 38 25
3 16 15 25 38 6
2 29 2 20 1
1 14 32 29
3 21 22 36 7 33
1 23 1 20
3 6 14 32 29 33
0 29 18
0 10 21
5 16 23 21 10 8 24 28
5 26 9 33 7 36 22 21
1 36 22 10
2 7 20 1 16
5 24 3 36 7 2 29 34
1 37 19 14
2 10 21 23 4
4 11 23 21 10 8 3
3 5 15 20 36 39
0 4 11
3 19 14 25 15 16
2 3 36 7 2
1 35 15 1
2 34 32 15 16
1 10 8 3
2 36 20 15 25
2 30 35 38 14
1 37 40 18
0 23 4
3 33 29 32 14 6
2 29 2 20 21
5 11 4 16 15 25 38 31
2 25 15 20 22
3 33 7 36 22 21
1 12 27 28
7 4 23 21 22 36 7 33 9 26
5 24 8 22 20 15 25 38
6 26 9 33 7 20 1 16 17
0 13 35
2 11 4 16 1
2 12 26 9 33
5 14 32 2 7 36 22 8
2 10 8 24 28
4 3 36 7 2 29 34
0 34 32
3 14 32 2 7 36
3 22 20 15 35 30
3 17 16 15 25 14
5 11 4 16 1 20 2 29
0 2 33
5 11 4 16 15 32 34 37
1 18 29 34
4 34 29 2 7 36 3
1 2 7 39
5 30 35 25 32 29 18 12
2 39 36 20 1
4 40 34 14 38 35 5
6 31 6 14 32 2 7 36 3
2 38 25 15 16
7 26 9 33 7 36 22 21 23 4
3 12 26 9 33 7
1 33 27 28
4 12 18 29 32 25 35
4 8 10 21 23 16 5
2 28 24 8 10
2 33 29 34 37
2 35 38 31 19
3 40 29 2 7 36
2 17 16 23 21
2 40 29 2 7
0 13 35
3 2 33 9 26 12
4 6 38 25 15 20 21
7 8 22 36 7 2 32 14 6 31
6 24 3 36 7 2 32 14 19
0 29 9
3 38 14 32 29 33
4 3 22 20 15 25 38
3 29 2 7 36 22
1 39 3 22
0 19 34
5 40 29 2 7 36 22 10
1 21 10 8
5 30 35 25 32 29 18 12
0 14 34
0 39 7
1 5 13 30
4 38 25 15 16 4 11
6 10 22 36 7 2 29 34 37
1 33 9 26
2 7 2 32 14
0 34 37
5 6 14 32 2 7 39 28
3 2 7 36 3 24
0 7 20
3 9 29 32 14 6
0 21 22
2 13 5 15 2
1 33 9 18
1 35 38 31
0 24 39
3 12 18 29 32 14
1 1 20 22
4 10 8 3 39 27 26
4 39 36 20 1 16 17
2 39 7 2 32
3 13 5 15 20 36
4 11 4 16 15 25 38
1 29 18 12
3 13 5 15 20 36
6 31 6 14 32 2 7 36 22
2 33 7 36 3
4 3 22 20 15 25 38
6 4 23 21 10 8 3 39 27
1 15 25 38
4 18 29 32 14 6 31
2 29 2 20 21
1 4 23 21
3 34 14 38 35 5
1 6 14 32
1 21 22 36
0 15 25
5 31 6 14 32 29 9 26
3 14 32 29 18 12
3 37 40 18 26 27
1 39 36 20
7 8 22 36 7 2 32 14 6 31
2 22 36 7 2
2 28 27 26 18
4 28 39 36 20 15 35
2 15 32 34 37
0 25 35
3 18 9 33 7 20
1 16 4 11
2 24 8 10 21
3 35 38 31 19 37
3 21 10 8 3 39
2 34 29 33 27
1 10 21 23
5 13 5 16 23 21 10 8
3 2 33 9 26 12
2 39 36 20 15
4 5 15 2 33 9 18
1 12 27 39
3 21 10 8 24 28
3 33 29 32 14 38
2 7 36 22 8
4 40 29 2 20 1 23
3 21 20 2 29 34
1 19 34 29
6 3 36 7 2 32 14 6 31
5 19 14 32 2 7 39 28
4 17 16 1 20 2 29
0 10 21
1 28 39 3
3 24 39 27 26 18
2 18 26 27 28
1 36 20 1
1 12 27 39
2 39 7 2 32
2 27 33 29 32
2 21 20 15 25
5 31 6 14 32 29 18 12
1 7 36 3
3 38 25 15 16 17
3 23 1 20 2 32
3 8 22 36 7 2
3 19 14 25 15 16
3 30 35 15 20 21
0 29 9
7 23 21 22 36 7 33 9 26 12
2 27 33 29 32
0 32 14
3 33 29 32 25 35
7 12 26 9 33 7 36 22 21 23
4 18 29 32 25 35 30
0 6 38
2 15 32 34 37
2 1 15 5 13
4 39 7 2 32 14 38
3 30 35 15 20 22
2 15 32 34 40
2 12 18 29 32
7 4 23 21 22 36 7 33 9 26
3 36 20 15 35 30
1 18 26 27
2 3 36 7 2
1 21 20 15
5 24 8 22 20 15 35 30
3 36 20 15 35 30
1 27 33 2
2 18 29 34 19
0 15 16
2 9 33 7 36
1 29 34 37
0 24 3
5 28 39 7 2 32 14 19
4 38 14 32 2 7 39
2 3 36 7 2
2 17 5 13 30
4 23 1 20 2 29 34
3 8 3 39 27 26
1 35 15 20
4 32 2 7 36 22 10
0 9 27
0 39 27
3 29 2 20 1 16
0 5 35
6 24 8 10 21 23 16 5 13
2 22 21 23 4
2 2 29 34 37
2 7 36 22 21
1 15 20 36
1 12 26 9
2 29 33 27 28
4 38 14 32 29 18 12
4 21 20 2 29 34 37
1 29 2 7
1 16 1 20
4 16 23 21 10 8 24
1 38 25 15
5 10 8 3 39 27 26 18
1 22 36 7
5 12 26 9 33 2 15 5
2 19 34 29 33
1 9 26 12
1 29 2 7
1 33 7 36
3 34 32 15 16 4
2 36 22 21 23
6 23 21 22 36 7 33 9 26
4 34 29 2 7 36 3
4 22 36 7 2 32 14
2 1 15 35 30
3 33 7 20 1 16
3 13 5 15 20 22
1 22 20 15
5 40 29 2 20 1 16 4
2 21 10 8 3
2 40 37 19 31
1 36 22 8
3 3 22 20 1 16
4 6 14 32 29 33 27
4 3 39 27 26 18 40
6 22 36 7 2 32 14 6 31
2 22 21 23 4
2 16 1 20 7
2 38 14 32 29
2 20 15 25 38
7 18 9 33 7 36 22 21 23 4
2 13 5 16 23
3 25 32 29 33 27
3 37 34 32 15 16
3 22 36 7 33 9
4 19 14 25 15 20 21
0 31 6
2 21 20 15 25
5 21 22 36 7 33 9 18
1 11 4 16
2 17 16 15 32
1 38 35 30
4 27 33 2 15 5 13
0 28 24
1 33 7 39
1 21 23 11
2 2 33 9 26
2 33 29 34 19
6 12 26 9 33 7 36 22 21
1 34 14 25
1 29 18 12
2 5 16 4 11
3 36 20 15 35 30
1 35 38 6
5 37 34 32 15 16 4 11
3 30 35 38 14 34
3 33 7 36 22 8
2 38 25 15 20
2 32 25 35 30
4 19 14 25 15 16 4
2 32 29 18 12
4 29 2 7 36 3 24
2 30 35 25 32
0 4 16
4 16 23 21 10 8 24
3 19 31 38 35 13
4 35 15 20 36 39 28
3 29 2 7 36 22
5 9 33 7 36 22 21 23
3 19 31 38 35 5
3 26 27 39 3 8
4 30 35 25 32 29 18
2 8 3 39 27
2 29 2 7 39
2 8 22 36 7
1 2 29 40
4 19 14 25 15 1 23
4 23 1 20 2 29 40
0 14 19
1 15 35 30
2 34 29 2 20
3 13 5 15 20 22
0 1 21
3 37 34 29 2 20
0 25 14
0 19 6
6 23 21 22 36 7 33 9 26
3 32 15 16 4 11
3 16 15 25 38 31
5 18 26 27 39 3 8 10
5 30 35 15 20 36 39 28
1 32 15 5
3 27 33 2 15 5
1 15 32 34
1 26 18 40
3 20 15 25 38 31
2 33 9 26 12
1 11 23 21
5 23 21 10 8 3 39 27
1 34 29 2
1 32 15 16
2 19 14 25 15
1 18 26 27
3 5 15 2 33 27
2 36 20 15 35
3 14 32 29 33 27
4 31 6 14 32 29 33
1 23 16 5
4 18 9 33 7 20 1
3 4 23 21 22 36
2 11 4 16 15
3 18 26 27 39 3
0 27 28
2 15 2 33 9
6 6 14 32 2 7 36 22 8
2 2 29 34 37
1 15 5 13
5 11 23 21 22 36 7 33
2 39 36 20 15
4 11 4 16 15 32 34
1 1 15 25
5 12 18 29 32 14 6 31
0 9 26
4 35 25 32 29 9 26
5 26 9 29 32 14 6 31
4 13 35 38 31 19 37
2 5 15 20 22
3 9 29 32 14 6
1 32 14 6
2 5 15 2 33
3 2 33 9 26 12
1 5 16 4
2 4 16 15 35
3 18 29 32 14 6
3 20 1 16 4 11
2 30 35 38 31
2 1 15 35 30
1 9 27 28
2 7 2 29 34
7 18 9 33 7 36 22 21 23 11
1 32 15 5
1 5 15 32
1 2 7 36
2 37 19 31 38
2 20 15 25 38
5 9 33 7 20 1 16 17
1 1 16 4
7 10 22 36 7 2 32 14 6 31
4 21 20 15 25 38 31
2 40 18 26 27
1 7 33 9
2 30 35 15 20
0 23 21
3 16 15 25 14 19
1 13 5 17
2 14 32 29 9
2 7 20 15 25
2 39 36 20 15
3 1 15 25 38 31
3 19 34 29 18 12
1 33 27 28
3 34 14 38 35 13
3 18 29 32 14 6
4 18 29 32 25 35 30
2 19 34 29 9
2 9 29 32 25
3 18 29 32 14 38
2 36 7 2 32
0 18 12
4 10 22 20 15 35 30
0 20 15
5 31 6 14 32 29 9 26
2 39 7 2 29
3 1 20 2 29 40
4 3 8 10 21 23 4
3 30 35 15 20 36
1 8 3 39
1 1 15 25
1 29 34 19
0 34 37
3 35 15 20 22 3
5 26 9 29 32 14 6 31
2 34 14 38 35
2 34 14 38 35
1 17 5 13
1 9 33 7
4 31 6 14 32 2 7
5 27 39 3 8 10 21 23
2 38 31 19 37
1 33 29 40
4 40 29 2 7 36 22
3 35 15 20 22 8
2 20 36 39 28
4 24 39 27 26 18 40
3 38 14 32 29 9
1 28 27 33
3 11 4 16 5 13
1 15 20 36
5 40 29 2 7 36 22 8
2 30 13 5 16
5 12 18 29 32 25 35 30
2 22 36 7 2
6 37 34 29 2 7 36 22 8
2 24 39 27 26
1 36 22 8
1 26 27 28
6 21 22 36 7 33 9 26 12
3 35 25 32 29 33
7 31 6 14 32 2 7 36 22 10
0 32 29
3 19 34 29 18 12
2 21 20 2 29
1 16 15 35
1 17 16 15
2 2 32 14 38
0 30 13
5 28 24 8 10 21 23 11
2 7 20 1 16
4 10 22 20 15 35 30
2 1 15 25 38
5 30 35 25 32 29 9 26
3 25 15 20 22 10
4 30 13 5 16 4 11
0 2 20
3 20 7 33 9 26
4 8 22 20 15 25 38
3 37 34 29 2 20
3 19 34 29 18 12
1 6 38 35
0 27 39
4 32 2 7 36 22 8
0 4 11
6 19 14 32 2 7 36 22 10
3 26 9 33 7 20
5 31 6 14 32 29 33 27
2 17 16 1 20
1 4 16 1
2 22 36 7 33
0 11 23
2 5 35 38 31
5 40 29 2 20 1 16 4
5 24 8 22 20 15 25 38
3 40 29 2 20 21
1 32 29 18
1 20 1 16
2 25 15 1 23
4 26 9 29 32 25 35
2 32 29 18 12
1 15 20 22
3 30 35 15 1 23
1 34 29 33
