4 10 1 7 5 13 4
0 19 6
3 18 16 2 7 20
3 20 7 2 16 18
0 5 3
0 9 7
3 18 16 2 7 1
0 8 12
0 12 8
0 8 13
0 13 8
0 14 13
3 5 7 1 10 17
3 17 10 1 7 5
0 20 1
1 16 12 11
0 13 3
2 12 9 13 3
1 10 17 6
4 4 13 5 7 1 19
4 19 1 7 5 13 4
0 10 2
4 4 13 5 7 1 19
4 19 1 7 5 13 4
2 13 5 7 20
2 20 7 5 13
2 13 5 7 1
2 18 16 2 10
3 1 7 2 16 18
3 18 16 2 7 1
2 13 5 7 1
1 10 17 6
5 13 5 7 1 10 17 6
3 15 12 9 13 5
2 6 17 10 2
1 7 1 10
1 10 1 7
3 4 13 9 16 18
3 18 16 9 13 4
1 4 13 8
1 8 13 4
0 3 5
0 5 3
1 9 16 18
1 18 16 9
2 15 12 9 2
1 9 13 8
2 14 13 5 7
2 17 10 1 7
3 4 13 5 7 2
0 7 5
5 19 1 7 5 13 8 11
3 10 1 7 5 13
3 13 5 7 1 10
2 6 17 10 1
3 4 13 5 7 1
0 11 8
0 13 14
0 14 13
2 15 12 9 7
1 10 2 16
1 16 2 10
2 16 9 13 4
1 9 13 5
1 11 8 14
1 14 8 11
4 11 8 13 5 7 20
4 20 7 5 13 8 11
3 20 1 10 17 6
3 1 7 2 16 18
3 18 16 2 7 1
0 10 19
0 19 10
2 9 7 1 19
2 19 1 7 9
3 4 13 9 12 15
3 15 12 9 13 4
1 5 13 9
1 9 13 5
3 8 13 5 7 20
3 20 7 5 13 8
1 2 16 18
1 18 16 2
3 20 7 5 13 14
4 3 7 1 10 17 6
4 6 17 10 1 7 3
1 13 9 12
0 13 8
0 7 1
3 12 9 7 1 10
2 15 12 8 14
4 9 7 1 10 17 6
0 19 1
1 4 13 8
1 8 13 4
0 11 12
0 12 11
4 18 16 2 10 17 6
2 6 17 10 2
1 7 5 13
1 13 5 7
0 14 8
2 2 7 5 13
2 13 5 7 2
0 13 4
3 18 16 2 7 5
3 15 12 9 13 3
1 5 13 14
1 14 13 5
2 3 7 2 16
2 16 2 7 3
1 3 13 9
1 9 13 3
2 10 1 7 3
1 15 12 8
1 15 12 18
1 18 12 15
5 8 13 5 7 1 10 17
5 17 10 1 7 5 13 8
1 1 7 5
1 5 7 1
3 3 7 2 16 18
3 18 16 2 7 3
0 19 1
0 11 12
0 12 11
0 8 12
0 12 8
0 16 12
0 8 13
0 13 8
1 17 10 2
3 15 12 9 7 1
1 7 1 10
1 10 1 7
1 8 13 9
1 9 13 8
1 18 16 9
1 3 13 4
1 4 13 3
3 9 7 1 10 17
3 17 10 1 7 9
1 13 9 16
1 16 9 13
0 14 13
3 20 7 5 13 8
1 11 12 18
1 18 12 11
0 8 13
0 13 8
0 1 7
0 7 1
2 10 1 7 3
3 1 7 2 16 18
3 18 16 2 7 1
2 17 10 1 7
3 18 16 2 7 3
0 16 18
0 18 16
6 4 13 5 7 1 10 17 6
6 6 17 10 1 7 5 13 4
3 1 7 5 13 14
3 14 13 5 7 1
2 15 12 8 14
0 1 20
0 20 1
2 6 17 10 1
1 7 2 16
1 16 2 7
1 10 17 6
0 20 3
2 4 13 9 16
2 16 9 13 4
2 18 16 9 13
2 10 2 16 18
2 18 16 2 10
7 11 8 13 5 7 1 10 17 6
1 5 7 20
1 20 7 5
2 1 7 9 12
2 12 9 7 1
1 9 13 4
1 9 12 15
1 15 12 9
0 1 10
0 10 1
3 20 7 9 12 15
1 3 7 1
0 14 8
1 13 9 12
2 16 9 13 14
1 9 12 15
1 15 12 9
0 16 12
3 2 7 5 13 14
3 14 13 5 7 2
4 17 10 1 7 9 12
2 3 7 1 19
2 19 1 7 3
0 9 7
1 18 16 9
5 11 8 13 5 7 1 19
5 19 1 7 5 13 8 11
4 4 13 5 7 1 19
4 19 1 7 5 13 4
4 13 5 7 1 10 17
4 17 10 1 7 5 13
1 8 13 4
5 11 8 13 5 7 1 10
2 16 2 10 17
2 17 10 2 16
4 10 1 7 5 13 8
1 20 7 5
0 2 9
0 9 2
2 11 8 13 9
1 12 9 13
1 13 9 12
1 2 7 20
1 20 7 2
2 16 2 7 5
0 18 16
1 3 13 8
1 8 13 3
4 17 10 1 7 5 13
3 6 17 10 1 20
3 20 1 10 17 6
4 4 13 5 7 1 10
4 10 1 7 5 13 4
1 16 12 11
3 13 5 7 1 19
3 19 1 7 5 13
0 13 9
0 7 2
6 8 13 5 7 1 10 17 6
3 18 16 2 7 1
6 6 17 10 1 7 5 13 8
6 8 13 5 7 1 10 17 6
2 10 2 16 18
2 18 16 2 10
2 12 9 13 3
0 17 19
0 19 17
1 19 1 7
2 15 12 9 2
1 14 8 11
0 6 19
0 19 6
0 2 9
0 9 2
4 8 13 5 7 1 10
4 10 1 7 5 13 8
2 20 7 9 12
0 8 12
0 12 8
3 20 1 10 17 6
1 5 7 20
1 20 7 5
4 11 8 13 5 7 2
2 20 1 10 17
1 9 7 1
5 6 17 10 1 7 5 13
5 13 5 7 1 10 17 6
0 4 14
0 14 4
4 11 8 13 5 7 2
2 20 1 10 17
2 15 12 9 13
0 7 1
1 3 13 9
1 9 13 3
2 9 7 1 10
2 10 1 7 9
1 10 1 20
1 20 1 10
1 2 10 17
1 17 10 2
0 3 13
0 13 3
2 14 13 5 7
2 20 7 2 16
2 12 9 7 1
0 16 9
1 13 8 11
3 3 13 9 12 15
3 15 12 9 13 3
1 5 7 2
3 12 9 7 1 19
3 19 1 7 9 12
1 7 1 10
1 10 1 7
2 11 8 13 9
