0 12 57
0 57 12
4 63 75 58 12 15 6
4 70 75 63 54 37 62
4 10 14 55 58 12 49
4 49 12 58 55 14 10
9 73 4 37 54 63 75 70 20 61 30 66
3 22 36 15 6 32
3 32 6 15 36 22
4 19 42 15 12 54 23
4 23 54 12 15 42 19
5 66 30 61 20 70 59 52
4 1 17 58 75 70 59
4 59 70 75 58 17 1
2 39 41 50 19
1 57 6 50
6 73 4 37 54 12 15 42 19
6 38 72 36 15 12 54 37 4
7 45 22 36 15 12 58 75 70 20
0 3 24
0 24 3
3 15 12 58 55 14
6 80 5 25 72 36 22 11 77
6 20 70 75 58 12 67 25 21
6 21 25 67 12 58 75 70 20
2 11 22 65 29
2 29 65 22 11
7 70 75 58 12 15 6 50 41 35
3 46 3 65 22 11
2 18 20 70 64
2 64 70 20 18
8 66 30 61 20 70 75 58 12 15 36
11 35 41 50 6 15 12 58 75 70 20 61 30 66
11 66 30 61 20 70 75 58 12 15 6 50 41 35
4 46 3 65 36 72 25
5 4 37 54 12 15 36 22
5 22 36 15 12 54 37 4
2 26 12 58 76
2 76 58 12 26
5 73 4 37 54 63 75 64
6 32 1 17 58 75 63 54 37
6 37 54 63 75 58 17 1 32
5 3 65 36 72 25 5 34
5 34 5 25 72 36 65 3
3 60 41 32 1 17
5 80 5 25 72 36 22 11
0 45 19
1 32 1 55
1 55 1 32
5 79 18 20 70 75 58 53
2 41 32 14 76
2 76 14 32 41
4 15 12 58 75 70 59
4 59 70 75 58 12 15
2 12 49 5 80
2 80 5 49 12
7 14 55 58 12 15 36 65 3 46
7 46 3 65 36 15 12 58 55 14
4 66 30 61 20 70 59
2 23 37 5 21
4 1 17 58 75 63 48
4 48 63 75 58 17 1
6 17 58 75 63 54 37 4 73
6 73 4 37 54 63 75 58 17
7 31 20 70 75 58 12 49 5 80
7 80 5 49 12 58 75 70 20 31
7 61 20 70 75 58 12 15 36 65
7 65 36 15 12 58 75 70 20 61
2 33 56 69 40
2 40 69 56 33
2 33 76 14 32
7 2 20 70 75 63 54 37 4 78
7 78 4 37 54 63 75 70 20 2
7 2 20 70 75 58 12 15 36 65
7 65 36 15 12 58 75 70 20 2
7 4 37 54 63 75 58 17 1 32
7 32 1 17 58 75 63 54 37 4
5 37 54 12 15 36 22 45
5 45 22 36 15 12 54 37
0 28 4
2 55 14 10 39
9 3 65 36 15 12 58 75 70 20 18 68
9 68 18 20 70 75 58 12 15 36 65 3
5 36 15 12 58 75 70 20
5 46 3 65 36 15 12 58
5 58 12 15 36 65 3 46
7 41 50 6 15 12 54 37 4 78
7 78 4 37 54 12 15 6 50 41
4 58 75 70 59 52 9
7 22 36 15 12 58 76 56 69 40
7 40 69 56 76 58 12 15 36 22
7 8 4 37 54 63 75 70 20 2
6 25 67 12 58 76 56 69 40
6 40 69 56 76 58 12 67 25
4 73 4 37 54 12 57
5 24 65 36 15 12 58 75
5 75 58 12 15 36 65 24
3 6 15 36 72 25
3 25 72 36 15 6
5 59 70 75 58 12 15 42
2 57 6 19 16
6 38 72 36 15 12 54 37 4
2 19 42 15 12
3 74 71 75 58 53
8 79 18 20 70 75 58 12 15 36 29
6 73 4 37 54 63 75 58 76
6 76 58 75 63 54 37 4 73
7 39 10 14 55 58 12 15 36 65
7 65 36 15 12 58 55 14 10 39
3 74 71 75 63 48
2 25 72 36 15
7 7 18 20 70 75 58 17 1 32
7 32 1 17 58 75 70 20 18 7
5 49 12 58 75 70 20 31
5 23 54 12 15 6 50 41
5 41 50 6 15 12 54 23
9 40 69 56 76 58 75 63 54 37 4 78
9 78 4 37 54 63 75 58 76 56 69 40
2 35 41 16 77
2 77 16 41 35
5 23 54 63 75 58 55 14
9 38 72 36 15 12 58 75 70 20 18 79
9 79 18 20 70 75 58 12 15 36 72 38
2 61 20 70 75
2 75 70 20 61
7 34 5 49 12 58 75 70 20 31
5 6 15 12 58 75 70 59
5 59 70 75 58 12 15 6
4 35 41 50 6 15 36
4 36 15 6 50 41 35
6 39 10 14 55 58 75 70 59
6 59 70 75 58 55 14 10 39
3 32 6 15 36 29
4 43 39 10 14 1 57
4 57 1 14 10 39 43
4 76 58 12 15 42 19
5 23 54 12 15 36 65 3
0 2 71
0 71 2
2 65 36 72 25
4 32 6 15 36 65 24
4 54 63 75 70 20 18
0 53 76
0 76 53
4 63 75 58 55 14 10
6 26 12 58 55 14 10 39 43
6 43 39 10 14 55 58 12 26
5 37 54 12 15 36 22 11
2 25 72 36 42
2 42 36 72 25
2 69 10 41 60
10 30 61 20 70 75 58 12 15 6 50 41 60
10 60 41 50 6 15 12 58 75 70 20 61 30
1 70 20 61
6 8 4 37 54 12 15 36 65
6 65 36 15 12 54 37 4 8
7 69 56 76 58 75 63 54 37 4
2 3 65 22 11
2 11 22 65 3
3 6 15 12 49 5
1 2 20 70
1 70 20 2
7 61 20 70 75 58 12 15 36 65
7 65 36 15 12 58 75 70 20 61
6 46 3 65 36 72 25 5 34
1 2 61 18
1 18 61 2
8 30 61 20 70 75 58 12 15 36 65
8 65 36 15 12 58 75 70 20 61 30
3 59 70 20 18 7
4 59 70 75 58 12 15
6 18 20 70 75 63 54 37 4
9 9 52 59 70 75 58 12 15 36 72 38
9 38 72 36 15 12 58 75 70 59 52 9
2 15 36 72 38
2 38 72 36 15
5 17 58 75 63 54 37 4
4 50 6 15 36 72 25
9 68 18 20 70 75 58 12 15 36 72 38
0 28 23
6 48 63 75 58 12 15 36 65
6 65 36 15 12 58 75 63 48
4 27 29 36 15 57 1
2 6 50 41 39
2 39 41 50 6
0 65 3
0 72 67
3 20 70 75 58 53
3 53 58 75 70 20
2 51 79 18 31
5 60 41 50 6 15 36 29
2 45 22 65 29
2 64 75 58 53
7 18 20 70 75 63 54 37 4 78
7 78 4 37 54 63 75 70 20 18
3 42 6 50 41 35
5 34 5 25 72 36 22 11
5 11 22 36 15 12 58 53
5 53 58 12 15 36 22 11
1 48 64 70
1 70 64 48
1 75 63 48
3 6 15 12 58 53
3 53 58 12 15 6
7 48 63 75 58 12 15 36 22 11
6 11 22 36 15 12 58 76 33
6 33 76 58 12 15 36 22 11
2 14 32 41 35
2 35 41 32 14
2 19 42 36 65
2 65 36 42 19
7 39 10 14 55 58 12 67 25 21
5 15 12 58 75 70 20 18
5 18 20 70 75 58 12 15
2 1 32 41 60
2 60 41 32 1
6 78 4 37 54 12 15 36 65
7 64 75 58 12 15 36 22 45 16
3 14 55 58 12 26
3 26 12 58 55 14
2 2 61 18 79
2 79 18 61 2
1 36 15 12
6 52 59 70 75 58 12 15 36
7 33 74 71 75 63 54 37 4 78
7 78 4 37 54 63 75 71 74 33
6 35 41 50 6 15 36 72 38
6 38 72 36 15 6 50 41 35
8 3 65 36 15 12 58 75 70 20 2
7 48 63 75 58 12 15 36 22 45
9 34 5 49 12 58 75 70 20 61 30 13
7 79 18 20 70 75 63 54 37 4
7 78 4 37 54 12 15 36 72 38
7 56 76 58 12 15 36 65 3 44
6 7 18 20 70 75 58 12 57
6 57 12 58 75 70 20 18 7
4 55 58 75 63 54 37
9 73 4 37 54 63 75 58 55 14 10 39
6 52 59 70 75 58 12 15 6
5 16 45 22 36 72 25 5
4 5 25 72 36 65 3
2 48 28 4 8
5 70 75 58 12 49 5 80
5 80 5 49 12 58 75 70
5 37 54 12 15 36 65 24
0 69 39
6 26 12 58 75 70 20 18 68
6 68 18 20 70 75 58 12 26
6 4 37 54 12 15 36 22 11
6 11 22 36 15 12 54 37 4
4 1 57 12 49 5 34
4 34 5 49 12 57 1
0 47 30
4 23 54 12 15 36 22
1 73 4 62
8 30 61 20 70 75 58 12 49 5 80
8 80 5 49 12 58 75 70 20 61 30
7 18 20 70 75 58 12 15 36 22
7 22 36 15 12 58 75 70 20 18
0 38 21
2 28 23 37 5
4 25 67 12 58 75 64
4 64 75 58 12 67 25
8 7 18 20 70 75 58 12 15 36 72
8 72 36 15 12 58 75 70 20 18 7
7 71 75 58 12 15 36 22 11 77
7 77 11 22 36 15 12 58 75 71
1 23 48 59
1 59 48 23
8 52 59 70 75 58 12 15 36 22 11
9 18 20 70 75 58 12 15 36 22 11 77
9 77 11 22 36 15 12 58 75 70 20 18
6 78 4 37 54 63 75 58 53
6 40 69 56 76 71 20 61 30
3 38 72 36 15 6
2 59 70 20 61
2 61 20 70 59
2 59 48 28 4
7 42 15 12 58 75 70 59 52 9
2 3 65 22 11
2 11 22 65 3
2 62 5 25 72
2 72 25 5 62
4 31 20 70 59 52 9
5 28 48 64 70 20 18 7
10 24 65 36 15 12 58 75 70 20 61 30 66
10 66 30 61 20 70 75 58 12 15 36 65 24
8 78 4 37 54 12 15 36 65 3 46
6 62 37 54 63 75 70 59 52
1 25 5 34
1 34 5 25
1 14 76 74
1 74 76 14
9 62 37 54 63 75 58 55 14 10 39 43
5 46 3 65 36 72 25 21
8 73 4 37 54 12 15 6 50 41 35
4 58 12 15 36 65 3
4 47 71 75 63 54 37
8 38 72 36 15 12 58 76 56 69 40
8 40 69 56 76 58 12 15 36 72 38
3 77 11 22 36 72
3 50 6 15 12 58
3 58 12 15 6 50
3 15 12 49 5 80
3 80 5 49 12 15
0 19 42
0 42 19
0 6 42
0 42 6
9 28 48 63 75 58 12 15 6 50 41 35
9 35 41 50 6 15 12 58 75 63 48 28
1 40 39 41
1 41 39 40
6 38 72 36 15 12 58 75 64
6 64 75 58 12 15 36 72 38
5 26 12 58 75 70 59 51
5 51 59 70 75 58 12 26
4 57 12 54 37 4 8
4 14 55 58 75 63 54
4 54 63 75 58 55 14
6 60 41 50 6 15 36 72 38
8 40 69 56 76 58 12 15 36 72 38
8 72 36 15 12 58 75 70 20 18 7
6 26 12 58 75 70 20 61 30
6 30 61 20 70 75 58 12 26
2 46 3 65 22
5 21 25 72 36 22 45 16
1 31 18 68
1 68 18 31
4 47 71 75 58 17 1
2 29 72 25 5
2 75 58 76 56
7 39 10 14 55 58 12 49 5 34
3 17 12 15 36 29
3 29 36 15 12 17
2 49 12 15 42
7 79 18 20 70 75 58 12 67 25
5 1 57 15 36 65 3 44
5 44 3 65 36 15 57 1
0 30 13
5 33 76 58 12 67 25 21
4 50 6 15 36 72 25
5 6 15 12 54 37 4 73
5 73 4 37 54 12 15 6
3 80 5 49 12 58
8 40 69 56 76 58 75 63 54 37 62
8 62 37 54 63 75 58 76 56 69 40
1 45 42 6
2 63 75 71 74
2 74 71 75 63
2 10 14 1 57
2 57 1 14 10
2 49 12 57 1
2 10 14 55 17
2 17 55 14 10
3 29 36 15 12 58
3 58 12 15 36 29
7 11 22 36 15 12 58 75 70 59
7 59 70 75 58 12 15 36 22 11
8 34 5 49 12 58 55 14 10 39 43
8 43 39 10 14 55 58 12 49 5 34
2 55 58 12 15
5 55 58 75 70 20 18 7
2 35 41 10 56
2 56 10 41 35
5 31 20 70 75 58 55 14
6 2 20 70 75 58 12 15 36
6 36 15 12 58 75 70 20 2
4 6 15 12 58 76 33
4 33 76 58 12 15 6
7 14 55 58 12 15 36 22 11 77
7 77 11 22 36 15 12 58 55 14
1 15 12 58
1 58 12 15
9 2 20 70 75 58 12 15 36 22 11 77
9 77 11 22 36 15 12 58 75 70 20 2
0 3 44
0 44 3
1 5 37 4
6 76 58 12 15 36 65 3 46
2 20 71 76 56
2 56 76 71 20
1 23 37 62
1 62 37 23
0 34 8
2 25 5 80 8
5 54 63 75 70 20 18 79
5 79 18 20 70 75 63 54
4 47 71 76 56 69 40
10 7 18 20 70 75 58 12 15 36 22 11 77
10 77 11 22 36 15 12 58 75 70 20 18 7
3 53 76 56 69 40
6 65 36 15 12 58 55 14 10
8 73 4 37 54 63 75 70 20 61 30
7 6 15 12 58 75 70 20 18 7
7 7 18 20 70 75 58 12 15 6
0 39 40
0 40 39
3 35 41 50 6 42
3 42 6 50 41 35
8 3 65 36 15 12 58 55 14 10 39
8 39 10 14 55 58 12 15 36 65 3
9 45 22 36 15 12 58 75 70 20 61 30
4 4 37 54 63 75 64
4 64 75 63 54 37 4
2 5 49 12 58
2 58 12 49 5
4 46 3 65 36 72 38
3 17 12 15 36 22
3 22 36 15 12 17
6 78 4 37 54 12 15 36 22
9 52 59 70 75 58 12 15 36 65 3 44
3 61 20 70 75 58
2 72 25 5 34
7 18 20 70 75 63 54 37 4 8
3 75 58 55 14 10
5 37 54 63 75 58 17 1
3 48 63 75 58 76
3 76 58 75 63 48
7 40 69 56 76 58 12 49 5 34
4 37 54 63 75 71 74
4 74 71 75 63 54 37
3 72 36 15 57 1
5 23 54 12 15 36 29 27
5 27 29 36 15 12 54 23
4 16 45 22 65 29 27
4 27 29 65 22 45 16
8 36 15 12 58 75 70 20 61 30 13
9 16 45 22 36 15 12 58 75 70 59 52
9 52 59 70 75 58 12 15 36 22 45 16
10 66 30 61 20 70 75 58 12 15 36 22 45
2 73 34 21 38
3 40 69 56 76 53
3 53 76 56 69 40
3 15 12 58 75 64
3 64 75 58 12 15
6 38 72 36 15 12 58 75 64
6 64 75 58 12 15 36 72 38
1 71 74 33
6 25 72 36 15 6 50 41 60
6 60 41 50 6 15 36 72 25
1 65 36 72
1 72 36 65
5 55 58 12 15 36 65 24
7 25 67 12 58 55 14 10 39 43
7 43 39 10 14 55 58 12 67 25
4 49 12 58 75 63 48
2 75 63 54 23
2 26 12 15 42
2 42 15 12 26
5 49 12 58 75 70 20 61
5 61 20 70 75 58 12 49
10 7 18 20 70 75 58 12 15 36 22 45 16
10 16 45 22 36 15 12 58 75 70 20 18 7
3 32 6 15 36 72
3 72 36 15 6 32
5 13 30 61 20 71 76 56
5 56 76 71 20 61 30 13
5 29 36 15 12 54 37 4
2 61 20 71 76
2 76 71 20 61
5 67 12 58 75 70 20 18
5 59 70 75 58 55 14 10
6 2 20 70 75 63 54 37 4
6 4 37 54 63 75 70 20 2
3 69 56 76 74 66
9 27 29 36 15 12 58 55 14 10 39 43
9 43 39 10 14 55 58 12 15 36 29 27
6 41 50 6 15 12 54 37 4
5 37 54 12 15 6 50 41
5 41 50 6 15 12 54 37
2 51 79 18 31
7 63 75 58 12 15 36 22 11 77
7 77 11 22 36 15 12 58 75 63
5 72 36 15 12 58 75 63
4 57 12 54 37 4 78
4 78 4 37 54 12 57
8 31 20 70 75 58 12 15 6 50 41
8 41 50 6 15 12 58 75 70 20 31
8 22 36 15 12 58 55 14 10 39 43
8 43 39 10 14 55 58 12 15 36 22
0 16 50
0 50 16
6 46 3 65 36 15 12 58 76
6 76 58 12 15 36 65 3 46
2 77 11 22 65
7 46 3 65 36 15 12 58 76 56
7 56 76 58 12 15 36 65 3 46
2 74 30 18 79
2 79 18 30 74
6 11 22 36 15 12 54 37 62
6 62 37 54 12 15 36 22 11
4 17 58 75 63 54 37
4 37 54 63 75 58 17
5 56 76 71 70 59 52 9
4 40 69 56 76 58 12
2 50 41 39 43
2 74 76 14 32
7 39 10 14 55 58 12 15 36 65
7 65 36 15 12 58 55 14 10 39
4 15 12 58 75 71 47
4 47 71 75 58 12 15
2 15 36 22 45
2 45 22 36 15
6 39 10 14 55 58 12 15 36
2 39 10 14 55
2 55 14 10 39
3 37 54 12 15 36
7 2 20 70 75 58 12 49 5 34
7 34 5 49 12 58 75 70 20 2
1 20 18 79
1 79 18 20
9 9 52 59 70 75 58 12 15 36 22 45
9 45 22 36 15 12 58 75 70 59 52 9
2 30 18 79 51
2 51 79 18 30
5 26 12 15 36 65 3 46
5 46 3 65 36 15 12 26
6 7 18 20 70 75 58 17 1
7 6 15 12 58 75 70 20 18 79
7 79 18 20 70 75 58 12 15 6
6 44 3 65 36 15 12 58 55
6 55 58 12 15 36 65 3 44
5 41 50 6 15 12 54 37
7 39 10 14 55 58 75 70 20 31
1 54 26 5
8 77 11 22 36 15 12 58 75 70 20
6 1 17 58 75 70 20 18 68
6 68 18 20 70 75 58 17 1
2 55 14 10 39
4 74 76 14 10 39 43
2 26 12 58 75
2 75 58 12 26
6 76 58 12 15 36 65 3 46
2 26 12 15 36
2 36 15 12 26
7 10 14 55 58 75 70 20 18 7
7 6 15 12 58 75 70 20 18 68
7 68 18 20 70 75 58 12 15 6
8 52 59 70 75 58 12 15 36 22 45
3 20 70 59 52 9
2 43 39 41 16
7 64 75 58 12 15 6 50 41 35
4 52 59 70 75 63 54
4 54 63 75 70 59 52
2 65 36 15 57
5 58 75 70 20 61 30 13
1 76 14 10
5 80 5 49 12 15 6 50
1 80 34 73
8 13 30 61 20 70 75 58 12 67 25
8 25 67 12 58 75 70 20 61 30 13
4 20 71 76 56 69 40
4 40 69 56 76 71 20
1 22 11 77
1 77 11 22
2 76 58 75 64
6 3 65 36 15 12 58 76 33
6 33 76 58 12 15 36 65 3
6 51 59 70 75 58 12 15 6
1 77 11 22
1 14 10 39
1 39 10 14
4 37 54 12 15 36 29
1 73 4 9
4 2 20 70 59 52 9
4 9 52 59 70 20 2
1 65 22 11
9 22 36 15 12 58 75 70 20 61 30 13
3 20 70 75 58 53
3 53 58 75 70 20
5 62 37 54 12 15 42 19
5 46 3 65 36 15 12 26
5 44 3 65 36 15 12 17
7 18 20 70 75 58 12 15 36 65
7 65 36 15 12 58 75 70 20 18
3 48 63 75 71 47
1 45 19 50
1 50 19 45
6 52 59 70 75 58 12 15 42
1 72 36 65
6 32 1 17 58 75 63 48 28
4 46 3 65 36 15 57
4 57 15 36 65 3 46
1 68 30 47
3 65 36 72 25 5
4 58 12 15 36 72 38
5 17 12 15 36 22 11 77
5 77 11 22 36 15 12 17
9 11 22 36 15 12 58 75 70 20 61 30
9 30 61 20 70 75 58 12 15 36 22 11
8 16 45 22 36 15 12 54 37 4 8
6 56 76 58 12 15 36 22 11
7 24 65 36 15 12 54 37 4 73
7 73 4 37 54 12 15 36 65 24
3 75 70 20 18 68
2 37 54 63 75
2 75 63 54 37
5 34 5 49 12 58 76 33
5 44 3 65 36 72 25 5
1 26 12 67
1 67 12 26
6 21 25 67 12 58 55 14 10
7 15 12 58 75 70 20 61 30 66
7 66 30 61 20 70 75 58 12 15
9 66 30 61 20 70 75 58 12 49 5 34
7 65 36 15 12 58 75 70 20 2
2 38 72 36 42
2 42 36 72 38
3 72 36 15 12 54
5 70 75 58 12 49 5 34
1 4 37 5
1 5 37 4
2 41 16 45 11
8 47 71 75 58 12 15 36 22 45 16
3 35 41 50 6 42
3 42 6 50 41 35
5 3 65 36 15 12 54 23
5 23 54 12 15 36 65 3
2 55 58 75 63
2 63 75 58 55
3 72 36 15 57 1
5 50 6 15 36 65 3 44
1 10 41 16
1 16 41 10
6 62 37 54 12 15 36 29 27
5 49 12 15 36 65 3 46
1 60 41 39
7 39 10 14 55 58 75 70 59 51
7 51 59 70 75 58 55 14 10 39
9 44 3 65 36 15 12 58 75 63 48 28
5 4 37 54 63 75 71 47
5 47 71 75 63 54 37 4
4 65 36 15 12 58 76
4 76 58 12 15 36 65
4 9 52 59 70 20 31
4 31 20 70 59 52 9
5 11 22 36 15 12 58 75
5 75 58 12 15 36 22 11
9 72 36 15 12 58 75 70 20 61 30 13
4 17 12 15 36 22 11
3 32 6 15 36 72
3 72 36 15 6 32
4 74 71 75 63 54 23
5 24 65 36 15 12 58 75
5 75 58 12 15 36 65 24
2 19 42 36 65
2 65 36 42 19
0 10 32
0 32 10
7 11 22 36 15 12 58 55 14 10
7 77 11 22 36 15 12 58 75 70
7 80 5 49 12 15 6 50 41 35
8 73 4 37 54 12 15 36 65 3 44
5 62 37 54 63 75 58 76
5 76 58 75 63 54 37 62
3 42 36 65 3 46
3 46 3 65 36 42
7 72 36 15 12 58 75 70 59 51
3 29 72 25 5 34
3 34 5 25 72 29
8 45 22 36 15 12 58 75 70 59 52
8 52 59 70 75 58 12 15 36 22 45
6 79 18 20 70 75 58 55 14
4 63 75 70 20 61 30
1 37 4 8
6 5 49 12 15 6 50 41 60
6 60 41 50 6 15 12 49 5
5 2 20 70 75 63 54 23
5 23 54 63 75 70 20 2
3 76 14 10 39 43
2 54 12 15 6
6 4 37 54 63 75 70 20 2
6 27 29 36 15 12 54 37 4
1 36 42 19
4 47 71 75 58 12 49
4 49 12 58 75 71 47
6 47 71 75 63 54 37 4 8
2 47 61 20 70
2 70 20 61 47
3 10 14 55 58 75
3 75 58 55 14 10
6 23 54 63 75 70 20 18 7
3 78 4 37 5 21
8 20 70 75 58 12 15 6 50 41 60
8 60 41 50 6 15 12 58 75 70 20
4 51 59 70 71 76 56
4 56 76 71 70 59 51
2 67 12 58 55
4 67 12 58 75 70 20
5 29 36 15 12 54 37 62
5 62 37 54 12 15 36 29
1 62 5 34
9 19 42 15 12 58 75 70 20 61 30 66
9 66 30 61 20 70 75 58 12 15 42 19
2 35 41 16 77
2 77 16 41 35
3 21 25 72 36 22
3 22 36 72 25 21
0 16 19
0 19 16
5 22 36 15 12 58 55 14
4 26 12 58 75 70 20
4 35 41 50 6 15 36
4 36 15 6 50 41 35
4 46 3 65 36 15 57
4 57 15 36 65 3 46
3 42 36 65 3 44
3 44 3 65 36 42
0 30 13
6 23 54 63 75 58 17 1 32
6 32 1 17 58 75 63 54 23
7 68 18 20 70 75 58 12 15 42
3 38 72 36 15 6
1 61 30 66
1 66 30 61
2 67 12 58 75
2 75 58 12 67
5 51 59 70 75 63 54 37
1 12 49 5
2 33 76 14 32
3 58 12 49 5 80
3 80 5 49 12 58
7 50 6 15 12 58 75 70 20 31
3 45 22 65 29 27
0 51 79
0 79 51
2 14 32 50 16
2 16 50 32 14
8 8 4 37 54 63 75 70 20 18 7
5 11 22 36 15 12 54 37
5 37 54 12 15 36 22 11
9 19 42 15 12 58 75 70 20 61 30 66
9 66 30 61 20 70 75 58 12 15 42 19
7 20 70 75 58 12 15 36 72 38
7 38 72 36 15 12 58 75 70 20
4 59 70 75 58 12 57
0 43 39
1 74 30 61
4 65 36 15 12 58 76
4 76 58 12 15 36 65
1 17 58 76
1 76 58 17
6 32 1 17 58 75 70 20 2
1 59 52 9
2 1 32 41 60
2 60 41 32 1
9 39 10 14 55 58 75 63 54 37 4 78
9 78 4 37 54 63 75 58 55 14 10 39
9 7 18 20 70 75 58 12 15 6 50 41
9 41 50 6 15 12 58 75 70 20 18 7
1 76 71 20
9 9 52 59 70 75 58 12 15 36 65 3
3 27 29 36 42 19
7 71 75 58 12 15 36 22 11 77
7 77 11 22 36 15 12 58 75 71
0 36 42
0 42 36
2 35 41 32 14
7 18 20 70 75 58 12 15 36 29
7 29 36 15 12 58 75 70 20 18
7 5 49 12 58 55 14 10 39 43
7 43 39 10 14 55 58 12 49 5
0 10 69
0 69 10
4 38 72 36 15 12 58
4 58 12 15 36 72 38
3 17 12 67 25 21
3 21 25 67 12 17
1 59 70 75
1 75 70 59
2 29 36 15 12
3 55 58 75 70 20
4 9 52 59 70 20 61
4 61 20 70 59 52 9
1 12 15 36
1 36 15 12
5 32 1 17 58 75 70 20
2 71 76 14 10
1 71 20 61
6 7 18 20 70 75 58 12 26
6 26 12 58 75 70 20 18 7
1 23 4 73
1 73 4 23
4 21 25 67 12 58 76
4 76 58 12 67 25 21
2 67 49 5 62
7 16 45 22 36 15 12 58 76 56
7 56 76 58 12 15 36 22 45 16
2 40 69 10 32
1 77 16 50
3 27 29 36 15 57
3 57 15 36 29 27
2 13 30 74 33
2 33 74 30 13
4 28 48 63 75 58 53
4 53 58 75 63 48 28
3 45 16 41 39 40
4 9 52 59 70 71 76
4 76 71 70 59 52 9
3 59 70 20 18 79
3 79 18 20 70 59
4 38 72 36 15 57 1
3 11 22 65 3 44
3 44 3 65 22 11
6 59 70 75 58 12 15 36 65
6 65 36 15 12 58 75 70 59
8 68 18 20 70 75 58 12 15 6 50
1 9 4 8
4 77 11 22 65 29 27
2 70 75 58 12
7 34 5 49 12 58 75 70 20 61
7 61 20 70 75 58 12 49 5 34
10 44 3 65 36 15 12 58 75 70 20 61 30
8 30 61 20 70 75 58 12 15 36 22
4 39 10 14 55 58 75
4 75 58 55 14 10 39
6 54 63 75 70 20 61 30 66
6 66 30 61 20 70 75 63 54
1 47 61 18
7 25 67 12 58 75 70 20 18 7
1 45 22 36
5 37 54 63 75 70 20 2
8 68 18 20 70 75 58 12 49 5 80
8 80 5 49 12 58 75 70 20 18 68
4 77 11 22 65 3 46
7 47 71 75 58 12 15 36 65 24
8 72 36 15 12 58 55 14 10 39 43
2 2 61 30 13
2 13 30 61 2
7 7 18 20 70 75 58 12 15 36
7 36 15 12 58 75 70 20 18 7
6 73 4 37 54 12 15 6 50
3 65 36 15 12 54
3 48 63 75 58 76
3 76 58 75 63 48
5 9 52 59 70 20 61 47
5 47 61 20 70 59 52 9
1 45 22 65
1 65 22 45
5 53 58 75 70 59 52 9
5 20 70 75 58 12 15 42
5 42 15 12 58 75 70 20
10 43 39 10 14 55 58 75 63 54 37 4 8
0 41 39
4 5 49 12 58 76 56
4 56 76 58 12 49 5
1 23 48 52
1 52 48 23
5 32 6 15 36 65 3 46
5 46 3 65 36 15 6 32
7 46 3 65 36 15 12 58 76 33
3 58 75 70 59 52
8 68 18 20 70 75 58 12 15 6 50
1 55 58 75
1 75 58 55
5 27 29 36 15 12 54 23
1 22 36 67
1 67 36 22
9 21 25 67 12 58 75 70 20 61 30 66
9 66 30 61 20 70 75 58 12 67 25 21
2 4 37 5 25
2 25 5 37 4
5 27 29 36 15 12 58 55
5 55 58 12 15 36 29 27
3 66 74 76 56 69
3 69 56 76 74 66
3 14 55 58 12 26
3 26 12 58 55 14
3 27 29 36 42 19
1 34 5 49
1 49 5 34
0 22 65
0 65 22
3 14 55 58 12 67
3 67 12 58 55 14
4 17 58 75 63 54 23
4 23 54 63 75 58 17
6 39 10 14 55 58 12 49 5
2 72 36 22 11
5 9 52 59 70 20 18 79
5 79 18 20 70 59 52 9
1 6 15 67
1 67 15 6
5 53 58 12 15 36 29 27
5 6 15 12 54 37 4 73
5 73 4 37 54 12 15 6
9 45 22 36 15 12 58 75 70 59 52 9
2 17 58 75 71
2 71 75 58 17
7 63 75 58 12 15 6 50 41 35
0 11 77
0 77 11
1 12 54 37
1 37 54 12
7 47 71 75 58 12 15 36 22 45
9 38 72 36 15 12 58 75 70 20 18 68
9 68 18 20 70 75 58 12 15 36 72 38
8 61 20 70 75 58 12 15 36 65 3
2 54 37 4 78
2 78 4 37 54
5 26 12 15 36 65 3 44
5 44 3 65 36 15 12 26
1 34 5 49
1 49 5 34
3 55 58 75 71 74
3 74 71 75 58 55
3 47 71 75 58 12
2 12 15 42 19
2 19 42 15 12
2 70 75 58 17
5 43 39 10 14 76 74 66
5 66 74 76 14 10 39 43
0 57 12
1 56 69 40
11 46 3 65 36 15 12 58 75 70 20 61 30 66
11 66 30 61 20 70 75 58 12 15 36 65 3 46
6 68 18 20 70 75 58 12 57
4 55 58 12 49 5 34
0 54 12
0 21 34
0 34 21
5 46 3 65 36 15 12 26
1 63 75 71
1 71 75 63
7 70 75 58 12 15 36 22 45 16
2 40 69 56 76
2 76 56 69 40
5 41 50 6 15 36 72 38
6 39 10 14 55 58 12 49 5
10 9 52 59 70 75 58 12 15 6 50 41 60
10 60 41 50 6 15 12 58 75 70 59 52 9
7 21 25 67 12 58 75 70 59 51
7 51 59 70 75 58 12 67 25 21
8 46 3 65 36 15 12 54 37 4 78
8 78 4 37 54 12 15 36 65 3 46
5 62 37 54 63 75 58 53
7 69 56 76 58 12 15 36 29 27
5 71 75 63 54 37 4 8
2 36 22 11 77
2 77 11 22 36
1 73 4 9
7 8 4 37 54 12 15 36 22 45
7 45 22 36 15 12 54 37 4 8
3 42 15 12 49 5
4 70 75 58 12 67 25
5 76 58 12 15 36 22 11
0 72 67
2 6 15 36 65
2 65 36 15 6
0 56 76
0 76 56
4 69 56 76 58 75 64
1 56 10 41
3 35 41 32 14 53
3 53 14 32 41 35
1 70 64 48
2 57 1 14 10
7 27 29 36 15 12 58 75 71 47
7 47 71 75 58 12 15 36 29 27
5 17 58 75 63 54 37 62
5 62 37 54 63 75 58 17
9 43 39 10 14 55 58 75 70 59 52 9
7 22 36 15 12 58 75 70 20 2
2 53 58 12 15
3 7 18 20 70 75
3 75 70 20 18 7
5 71 75 58 12 49 5 34
2 5 49 12 15
2 15 12 49 5
7 20 70 75 58 55 14 10 39 43
7 43 39 10 14 55 58 75 70 20
3 79 18 20 70 75
5 70 75 58 12 15 42 19
7 59 70 75 58 12 15 36 22 45
7 59 70 75 58 12 15 36 22 45
5 44 3 65 36 15 12 26
1 58 75 70
1 70 75 58
0 24 27
0 27 24
2 3 65 36 67
2 67 36 65 3
6 35 41 50 6 15 36 65 24
4 20 71 76 56 69 40
4 40 69 56 76 71 20
3 39 10 14 55 58
3 58 55 14 10 39
3 34 5 25 72 29
6 11 22 36 15 12 58 75 70
6 70 75 58 12 15 36 22 11
9 43 39 10 14 55 58 75 70 20 61 30
8 32 1 17 58 75 63 54 37 4 73
8 73 4 37 54 63 75 58 17 1 32
2 57 15 36 22
2 11 22 36 67
2 67 36 22 11
7 18 20 70 75 58 12 15 36 22
7 22 36 15 12 58 75 70 20 18
3 63 75 58 12 67
3 67 12 58 75 63
3 22 36 15 12 26
3 26 12 15 36 22
10 44 3 65 36 15 12 58 75 70 20 18 79
10 79 18 20 70 75 58 12 15 36 65 3 44
4 48 63 75 58 12 67
4 67 12 58 75 63 48
5 57 12 58 75 70 20 2
5 5 25 72 36 65 3 44
5 44 3 65 36 72 25 5
1 26 12 57
1 57 12 26
3 3 65 22 45 16
3 16 45 22 65 3
8 34 5 49 12 58 75 70 20 18 68
8 68 18 20 70 75 58 12 49 5 34
5 76 58 12 15 36 22 45
3 57 12 58 75 71
3 71 75 58 12 57
4 26 12 15 6 50 41
4 41 50 6 15 12 26
5 15 12 58 75 70 20 2
1 62 37 26
0 20 31
0 31 20
2 79 18 61 2
3 17 58 75 70 20
3 20 70 75 58 17
4 60 41 50 6 15 12
6 50 6 15 12 58 75 70 59
6 59 70 75 58 12 15 6 50
8 31 20 70 75 58 12 15 36 29 27
0 60 35
4 70 75 58 12 49 5
2 11 22 65 24
2 24 65 22 11
8 52 59 70 75 58 12 15 36 22 45
5 11 22 36 72 25 5 80
5 80 5 25 72 36 22 11
1 41 50 19
3 70 20 61 30 66
2 59 48 28 4
4 20 71 76 56 69 40
4 40 69 56 76 71 20
7 61 20 70 75 58 55 14 10 39
1 23 48 59
1 59 48 23
5 73 4 37 54 63 75 71
4 30 61 20 70 59 52
4 52 59 70 20 61 30
5 3 65 36 72 25 5 80
5 80 5 25 72 36 65 3
1 30 74 33
1 33 74 30
4 58 75 70 59 52 9
8 19 42 15 12 58 75 70 20 18 79
8 79 18 20 70 75 58 12 15 42 19
10 46 3 65 36 15 12 58 75 70 20 61 30
1 54 12 49
5 26 12 15 36 22 45 16
5 48 64 70 20 61 30 66
5 66 30 61 20 70 64 48
1 34 5 37
1 37 5 34
10 3 65 36 15 12 58 75 70 20 61 30 13
10 13 30 61 20 70 75 58 12 15 36 65 3
6 73 4 37 54 12 15 36 22
1 4 37 5
1 5 37 4
7 13 30 61 20 70 75 58 12 26
7 26 12 58 75 70 20 61 30 13
5 16 45 22 36 72 25 5
4 49 12 15 36 22 45
4 56 76 71 70 59 51
4 76 58 75 63 54 37
3 35 41 32 14 53
3 53 14 32 41 35
6 77 11 22 36 15 12 58 53
2 3 65 36 42
2 42 36 65 3
5 34 5 49 12 58 76 56
5 56 76 58 12 49 5 34
2 71 76 14 10
6 28 48 63 75 58 12 67 25
2 47 61 20 31
2 69 56 76 71
2 71 76 56 69
6 4 37 54 12 15 36 65 24
6 24 65 36 15 12 54 37 4
6 75 58 12 15 36 22 45 16
3 2 71 76 14 10
3 10 14 76 71 2
6 20 70 75 58 12 15 6 50
6 50 6 15 12 58 75 70 20
5 55 58 12 15 36 29 27
3 52 59 70 20 2
4 63 75 58 12 15 6
3 55 1 32 41 60
3 60 41 32 1 55
1 58 12 57
1 53 58 12
3 33 76 58 12 15
4 22 36 15 12 58 55
4 55 58 12 15 36 22
4 25 72 36 15 6 50
4 50 6 15 36 72 25
6 79 18 20 70 75 63 54 23
1 32 6 19
11 13 30 61 20 70 75 58 12 15 6 50 41 35
11 35 41 50 6 15 12 58 75 70 20 61 30 13
4 75 58 55 14 10 39
3 51 59 70 71 76
3 76 71 70 59 51
3 49 12 58 75 70
3 70 75 58 12 49
6 77 11 22 36 15 12 58 55
3 17 58 75 63 48
3 48 63 75 58 17
3 56 76 71 20 31
5 53 58 75 63 54 37 62
5 62 37 54 63 75 58 53
7 10 14 55 58 75 63 54 37 62
7 62 37 54 63 75 58 55 14 10
3 71 75 58 12 15
6 73 4 37 54 63 75 58 55
6 29 36 15 12 58 75 71 47
6 47 71 75 58 12 15 36 29
2 29 72 25 5
8 48 63 75 58 12 15 6 50 41 60
8 60 41 50 6 15 12 58 75 63 48
3 59 70 20 18 79
3 79 18 20 70 59
2 30 61 20 71
2 71 20 61 30
6 33 76 58 12 15 36 65 24
6 62 37 54 12 15 36 65 3
2 51 79 18 30
7 25 67 12 58 75 70 20 18 79
7 79 18 20 70 75 58 12 67 25
3 36 15 6 50 41
3 41 50 6 15 36
10 46 3 65 36 15 12 58 55 14 10 39 43
5 71 75 58 12 15 6 50
3 57 12 58 76 33
7 32 1 17 58 75 70 20 18 79
7 79 18 20 70 75 58 17 1 32
4 79 18 20 71 76 56
3 53 58 75 70 59
3 59 70 75 58 53
5 22 36 15 12 58 76 33
5 33 76 58 12 15 36 22
4 64 75 58 76 56 69
4 69 56 76 58 75 64
3 44 3 65 36 42
4 67 12 58 75 71 74
4 74 71 75 58 12 67
6 65 36 15 12 58 75 70 20
5 49 12 15 36 65 3 46
3 54 63 75 70 20
7 27 29 36 15 12 54 37 4 78
7 78 4 37 54 12 15 36 29 27
5 18 20 70 75 58 55 14
7 70 75 58 12 15 36 22 45 16
9 8 4 37 54 63 75 70 20 61 30 13
9 13 30 61 20 70 75 63 54 37 4 8
5 65 36 15 12 58 75 64
0 77 16
3 62 37 54 63 75
3 75 63 54 37 62
10 24 65 36 15 12 58 75 70 20 61 30 66
10 66 30 61 20 70 75 58 12 15 36 65 24
5 53 58 12 15 36 22 45
8 19 42 15 12 58 75 70 20 18 68
8 68 18 20 70 75 58 12 15 42 19
1 34 5 62
1 62 5 34
6 62 37 54 63 75 70 59 52
6 55 58 12 15 36 65 3 46
5 23 54 12 15 36 65 24
5 24 65 36 15 12 54 23
8 43 39 10 14 55 58 12 15 36 29
4 75 58 12 67 25 21
5 26 12 15 36 65 3 44
5 44 3 65 36 15 12 26
3 34 5 26 54 48
3 48 54 26 5 34
3 59 48 28 4 73
3 73 4 28 48 59
3 60 41 32 14 76
3 76 14 32 41 60
3 57 12 58 76 56
6 43 39 10 14 55 58 75 70
6 70 75 58 55 14 10 39 43
2 2 61 30 66
2 66 30 61 2
4 56 76 58 12 15 6
2 31 20 71 74
2 74 71 20 31
8 74 71 75 58 12 15 36 22 45 16
5 7 18 20 70 75 58 55
5 55 58 75 70 20 18 7
2 19 6 1 14
6 52 59 70 75 58 12 15 42
8 69 56 76 58 12 15 36 65 3 46
1 70 75 63
1 66 30 47
5 26 12 58 75 70 59 51
5 51 59 70 75 58 12 26
5 14 55 58 75 63 54 37
5 37 54 63 75 58 55 14
7 43 39 10 14 55 58 12 67 25
6 32 1 17 58 75 70 59 51
6 51 59 70 75 58 17 1 32
2 32 14 76 74
2 74 76 14 32
3 41 32 14 76 33
3 12 58 75 63 48
3 48 63 75 58 12
3 39 41 50 6 42
3 42 6 50 41 39
5 73 4 37 54 63 75 64
5 9 52 59 70 20 18 79
5 79 18 20 70 59 52 9
6 70 75 58 12 15 36 29 27
3 12 54 37 4 73
3 73 4 37 54 12
8 68 18 20 70 75 58 12 49 5 80
8 80 5 49 12 58 75 70 20 18 68
9 38 72 36 15 12 58 75 70 59 52 9
0 14 55
0 55 14
5 56 76 58 12 15 36 72
5 72 36 15 12 58 76 56
4 57 15 36 72 25 21
2 28 48 59 51
2 51 59 48 28
3 46 3 65 22 11
1 22 65 29
1 29 65 22
4 36 15 12 58 55 14
5 62 37 54 63 75 71 47
3 61 20 70 59 52
3 40 69 56 76 53
3 53 76 56 69 40
8 35 41 50 6 15 12 58 75 63 48
8 48 63 75 58 12 15 6 50 41 35
4 51 59 70 71 76 56
4 56 76 71 70 59 51
2 75 58 12 15
4 48 63 75 58 55 14
5 46 3 65 36 72 25 5
3 55 1 32 41 60
3 60 41 32 1 55
6 11 22 36 15 12 54 37 62
6 62 37 54 12 15 36 22 11
5 51 59 70 75 58 12 67
5 67 12 58 75 70 59 51
1 2 61 30
1 30 61 2
6 37 54 63 75 70 20 18 79
6 79 18 20 70 75 63 54 37
1 40 69 10
2 28 48 63 75
2 75 63 48 28
5 23 54 12 15 6 50 41
5 41 50 6 15 12 54 23
7 74 71 75 58 12 15 36 65 3
2 12 58 76 33
2 33 76 58 12
8 7 18 20 70 75 63 54 37 4 78
8 78 4 37 54 63 75 70 20 18 7
1 1 14 10
1 10 14 1
5 53 58 12 15 36 29 27
7 24 65 36 15 12 58 75 70 20
6 72 36 15 12 58 76 56 69
7 56 76 58 12 15 36 65 3 46
5 48 64 70 20 61 30 66
5 66 30 61 20 70 64 48
4 27 29 36 15 6 50
4 50 6 15 36 29 27
5 4 37 54 12 15 36 29
5 29 36 15 12 54 37 4
8 79 18 20 70 75 58 12 15 36 72
0 59 70
0 70 59
6 2 20 70 75 58 12 15 6
6 6 15 12 58 75 70 20 2
4 17 12 15 36 65 24
4 24 65 36 15 12 17
8 78 4 37 54 63 75 58 55 14 10
7 59 70 75 58 12 15 6 50 41
2 42 15 12 17
7 38 72 36 15 12 58 75 71 74
7 74 71 75 58 12 15 36 72 38
2 26 12 15 42
2 42 15 12 26
4 20 70 75 58 12 49
4 49 12 58 75 70 20
6 13 30 61 20 70 75 58 12
9 38 72 36 15 12 58 75 70 20 18 68
9 68 18 20 70 75 58 12 15 36 72 38
2 57 12 54 37
2 5 25 72 36
2 36 72 25 5
0 39 40
0 40 39
2 16 41 10 69
2 69 10 41 16
2 32 14 76 74
2 74 76 14 32
6 11 22 36 15 12 58 76 33
6 33 76 58 12 15 36 22 11
4 32 6 15 36 29 27
6 8 4 37 54 12 15 36 29
6 29 36 15 12 54 37 4 8
0 68 18
1 70 20 61
8 35 41 50 6 15 12 58 75 70 59
8 59 70 75 58 12 15 6 50 41 35
3 55 1 32 41 60
3 60 41 32 1 55
2 53 58 12 26
7 61 20 70 75 58 12 15 36 65
7 65 36 15 12 58 75 70 20 61
4 37 54 12 15 6 50
4 50 6 15 12 54 37
5 5 25 72 36 65 3 46
5 46 3 65 36 72 25 5
5 38 72 36 15 6 50 41
5 41 50 6 15 36 72 38
2 1 17 58 76
2 76 58 17 1
2 1 6 19 16
2 16 19 6 1
5 65 36 15 12 58 75 64
5 41 50 6 15 12 58 75
5 75 58 12 15 6 50 41
6 48 63 75 58 12 15 36 72
6 72 36 15 12 58 75 63 48
5 53 58 75 70 20 18 7
3 53 76 56 69 40
2 25 72 36 42
2 42 36 72 25
7 20 70 75 58 12 15 36 22 11
5 52 59 70 75 58 12 26
5 22 36 15 12 58 76 56
5 56 76 58 12 15 36 22
3 52 59 70 20 2
0 73 8
9 51 59 70 75 58 12 15 36 22 11 77
9 77 11 22 36 15 12 58 75 70 59 51
2 5 37 4 9
2 9 4 37 5
5 69 56 76 58 12 49 5
2 36 72 25 21
8 4 37 54 63 75 70 20 61 30 13
8 13 30 61 20 70 75 63 54 37 4
7 78 4 37 54 12 15 36 65 3
5 4 37 54 12 15 6 50
5 50 6 15 12 54 37 4
0 10 56
0 56 10
10 41 50 6 15 12 58 75 70 20 61 30 66
10 66 30 61 20 70 75 58 12 15 6 50 41
7 49 12 58 75 70 20 61 30 13
0 76 53
4 38 72 36 15 12 17
8 28 48 63 75 58 12 15 6 50 41
8 41 50 6 15 12 58 75 63 48 28
2 51 59 70 20
1 49 25 21
2 48 54 26 5
4 61 20 71 76 56 69
4 69 56 76 71 20 61
2 42 15 12 49
2 49 12 15 42
6 9 52 59 70 20 61 30 13
6 13 30 61 20 70 59 52 9
7 20 70 75 58 12 15 36 22 45
7 45 22 36 15 12 58 75 70 20
1 57 6 50
1 47 30 13
4 51 59 48 28 4 8
5 68 18 20 70 75 58 12
8 73 4 37 54 63 75 58 76 56 69
4 56 76 71 20 18 68
4 68 18 20 71 76 56
7 73 4 37 54 12 15 36 22 45
4 37 54 63 75 70 20
7 6 15 12 58 75 70 20 18 7
7 7 18 20 70 75 58 12 15 6
2 72 36 15 6
1 59 70 71
1 71 70 59
6 10 14 55 58 12 15 36 72
6 72 36 15 12 58 55 14 10
0 59 51
6 40 69 56 76 71 20 18 68
6 68 18 20 71 76 56 69 40
6 64 75 58 12 15 36 22 11
5 64 75 58 76 56 69 40
2 12 54 37 62
2 62 37 54 12
2 4 37 54 63
2 63 54 37 4
6 70 75 58 12 15 36 65 24
1 26 37 62
1 62 37 26
1 12 57 1
6 2 20 70 75 58 12 15 36
6 36 15 12 58 75 70 20 2
6 45 22 36 15 12 58 75 70
6 70 75 58 12 15 36 22 45
4 55 58 12 15 6 50
1 28 4 78
1 78 4 28
3 55 58 12 15 6
3 69 56 76 58 17
6 29 36 15 12 58 75 71 47
6 47 71 75 58 12 15 36 29
4 67 12 58 75 70 20
2 66 30 61 2
3 63 75 58 17 1
7 63 75 58 12 15 36 22 11 77
7 77 11 22 36 15 12 58 75 63
6 56 76 58 75 63 54 37 4
4 20 70 75 58 17 1
2 17 58 75 63
2 63 75 58 17
1 1 6 50
1 50 6 1
7 18 20 70 75 63 54 37 4 78
7 78 4 37 54 63 75 70 20 18
6 39 10 14 55 58 12 67 25
2 79 18 30 66
3 22 36 15 12 54
3 54 12 15 36 22
7 24 65 36 15 12 58 55 14 10
1 70 59 52
1 9 4 8
7 24 65 36 15 12 58 75 71 74
7 74 71 75 58 12 15 36 65 24
1 10 32 6
1 27 24 3
5 79 18 20 70 59 52 9
5 79 18 20 70 75 58 55
4 44 3 65 36 42 19
10 7 18 20 70 75 58 12 15 6 50 41 60
10 60 41 50 6 15 12 58 75 70 20 18 7
7 33 74 71 75 63 54 37 4 8
2 30 18 79 51
2 51 79 18 30
4 37 54 63 75 70 20
6 75 58 12 15 6 50 41 35
1 6 19 16
1 16 19 6
5 40 69 56 76 71 20 61
5 61 20 71 76 56 69 40
3 58 75 70 20 61
3 61 20 70 75 58
8 32 1 17 58 75 70 20 61 30 66
8 66 30 61 20 70 75 58 17 1 32
3 69 56 76 58 55
9 11 22 36 15 12 58 75 70 20 61 30
9 30 61 20 70 75 58 12 15 36 22 11
6 60 41 50 6 15 12 54 37
4 32 6 15 36 22 11
7 77 11 22 36 15 12 54 37 62
4 17 58 76 56 69 40
4 40 69 56 76 58 17
6 32 1 17 58 75 63 54 23
7 52 59 70 75 58 12 15 36 65
7 65 36 15 12 58 75 70 59 52
6 62 37 54 63 75 71 74 33
9 35 41 50 6 15 12 58 75 70 20 18
7 52 59 70 75 58 12 15 36 29
5 53 58 75 70 59 52 9
6 76 58 12 15 36 65 3 44
5 69 56 76 58 12 49 5
3 25 67 12 58 53
3 53 58 12 67 25
6 70 75 58 12 15 36 22 45
6 27 29 36 15 12 58 76 33
6 33 76 58 12 15 36 29 27
3 74 76 14 10 39
4 21 25 72 36 15 57
4 57 15 36 72 25 21
5 49 12 58 75 70 20 18
2 38 72 36 65
2 65 36 72 38
8 9 52 59 70 75 58 12 15 36 22
8 22 36 15 12 58 75 70 59 52 9
4 39 10 14 55 58 12
4 6 15 36 72 25 21
4 21 25 72 36 15 6
3 44 3 65 36 72
3 72 36 65 3 44
7 38 72 36 15 12 58 75 63 48
7 48 63 75 58 12 15 36 72 38
6 52 59 70 75 58 12 15 42
4 56 76 71 20 18 79
4 79 18 20 71 76 56
3 38 72 36 22 45
3 45 22 36 72 38
0 4 62
0 62 4
2 17 12 67 25
2 25 67 12 17
0 58 75
0 75 58
5 57 12 58 75 70 59 51
6 65 36 15 12 54 37 4 78
6 78 4 37 54 12 15 36 65
6 59 70 75 58 12 15 36 65
6 65 36 15 12 58 75 70 59
8 47 71 75 58 12 15 36 22 45 16
6 1 17 58 75 70 20 18 7
6 7 18 20 70 75 58 17 1
0 69 40
3 19 42 15 12 26
3 26 12 15 42 19
7 60 41 50 6 15 12 54 37 62
7 62 37 54 12 15 6 50 41 60
1 17 12 49
1 49 12 17
0 61 20
5 11 22 36 15 12 54 37
5 37 54 12 15 36 22 11
6 19 42 15 12 58 75 63 48
6 48 63 75 58 12 15 42 19
4 33 74 71 75 63 54
4 54 63 75 71 74 33
5 61 20 70 75 58 12 49
7 78 4 37 54 12 15 36 72 38
1 75 58 55
2 40 39 41 60
2 60 41 39 40
6 4 37 54 63 75 70 20 18
6 18 20 70 75 63 54 37 4
1 76 71 2
2 65 22 11 77
2 77 11 22 65
5 8 4 37 54 12 15 6
2 36 15 12 58
2 58 12 15 36
2 31 20 61 47
2 47 61 20 31
2 72 25 5 80
2 80 5 25 72
5 15 12 58 75 70 59 52
5 52 59 70 75 58 12 15
1 19 6 57
1 57 6 19
8 8 4 37 54 63 75 58 76 56 69
8 69 56 76 58 75 63 54 37 4 8
1 56 69 40
7 42 15 12 58 75 70 20 18 68
7 68 18 20 70 75 58 12 15 42
0 25 67
0 67 25
4 46 3 65 22 45 16
7 78 4 37 54 63 75 58 17 1
6 65 36 15 12 54 37 4 73
6 73 4 37 54 12 15 36 65
1 69 10 41
9 7 18 20 70 75 58 12 15 36 65 24
9 24 65 36 15 12 58 75 70 20 18 7
6 19 42 15 12 58 76 56 69
6 69 56 76 58 12 15 42 19
4 70 75 58 55 14 10
6 68 18 20 70 75 63 54 37
9 13 30 61 20 70 75 58 55 14 10 39
9 39 10 14 55 58 75 70 20 61 30 13
9 13 30 61 20 70 75 58 12 67 25 21
9 21 25 67 12 58 75 70 20 61 30 13
4 59 70 71 76 56 69
4 69 56 76 71 70 59
2 12 67 25 21
2 21 25 67 12
6 56 76 58 75 63 54 37 4
2 12 58 76 33
2 33 76 58 12
2 70 59 52 9
2 80 5 49 67
5 9 52 59 70 75 58 17
5 17 58 75 70 59 52 9
5 59 70 75 58 12 15 42
7 18 20 70 75 58 12 49 5 80
7 80 5 49 12 58 75 70 20 18
5 34 5 49 12 58 76 56
5 56 76 58 12 49 5 34
4 55 58 75 70 59 52
4 44 3 65 22 11 77
4 77 11 22 65 3 44
8 13 30 61 20 70 75 58 17 1 32
8 32 1 17 58 75 70 20 61 30 13
3 33 76 58 12 26
1 22 11 77
1 77 11 22
2 78 4 62 80
2 80 62 4 78
4 65 36 15 6 50 41
2 52 28 4 73
2 73 4 28 52
3 44 3 65 36 15
3 57 12 58 76 33
1 23 4 8
3 51 59 70 75 63
3 63 75 70 59 51
6 24 65 36 15 12 54 37 62
6 62 37 54 12 15 36 65 24
1 56 10 41
6 61 20 70 75 58 55 14 10
8 48 63 75 58 12 15 6 50 41 35
4 61 20 70 75 58 12
3 63 75 58 12 26
2 75 58 12 15
3 3 65 22 45 16
3 16 45 22 65 3
2 12 49 5 80
2 80 5 49 12
4 47 71 75 63 48 28
3 40 39 41 50 19
6 52 59 70 75 58 12 15 36
5 33 74 71 75 63 48 28
2 20 71 76 56
2 56 76 71 20
2 68 18 20 71
2 71 20 18 68
6 70 75 58 12 15 36 22 11
7 4 37 54 12 15 36 65 3 46
7 46 3 65 36 15 12 54 37 4
7 4 37 54 12 15 36 22 45 16
7 16 45 22 36 15 12 54 37 4
4 55 58 75 70 59 51
2 50 6 15 67
2 67 15 6 50
5 14 55 58 12 15 36 65
5 65 36 15 12 58 55 14
3 12 54 37 4 8
6 79 18 20 70 75 58 55 14
1 55 14 10
0 45 22
3 70 75 63 54 37
1 40 39 41
1 41 39 40
4 21 25 72 36 22 11
8 79 18 20 70 75 63 54 37 4 8
5 33 76 58 12 67 25 21
6 18 20 70 75 58 12 15 36
6 36 15 12 58 75 70 20 18
6 66 30 61 20 70 75 58 53
7 51 59 70 75 58 12 15 36 72
7 72 36 15 12 58 75 70 59 51
5 24 65 36 15 12 58 53
5 53 58 12 15 36 65 24
3 58 75 63 54 37
4 37 54 12 15 36 22
2 77 16 41 35
5 67 12 58 75 70 59 51
7 77 11 22 36 15 12 58 75 64
9 72 36 15 12 58 75 70 20 61 30 66
0 20 31
0 31 20
4 58 12 15 36 22 11
6 55 58 75 63 54 37 4 78
6 78 4 37 54 63 75 58 55
3 53 58 12 49 5
3 5 49 12 15 6
3 6 15 12 49 5
3 25 67 12 58 55
3 55 58 12 67 25
0 41 10
0 27 44
0 44 27
2 33 74 71 2
1 16 45 11
4 71 75 63 54 37 4
5 64 75 58 12 15 42 19
5 70 75 58 12 15 6 50
3 69 56 76 74 66
2 33 74 30 13
6 3 65 36 15 12 54 37 4
6 4 37 54 12 15 36 65 3
8 43 39 10 14 55 58 75 70 20 61
8 61 20 70 75 58 55 14 10 39 43
3 14 55 58 12 49
3 49 12 58 55 14
2 10 32 6 19
2 19 6 32 10
1 54 12 15
7 24 65 36 15 12 54 37 4 78
7 78 4 37 54 12 15 36 65 24
5 21 25 72 36 22 45 16
6 40 69 56 76 71 20 18 79
6 79 18 20 71 76 56 69 40
7 59 70 75 58 12 15 36 65 24
3 33 76 58 12 26
2 34 5 37 23
3 29 36 15 12 49
3 49 12 15 36 29
1 41 50 19
7 19 42 15 12 58 75 70 20 61
7 61 20 70 75 58 12 15 42 19
1 36 65 3
9 73 4 37 54 63 75 58 55 14 10 39
1 7 18 68
1 68 18 7
0 51 52
0 52 51
1 36 15 12
6 70 75 58 12 15 6 50 41
4 26 12 15 36 22 45
4 45 22 36 15 12 26
5 71 75 63 54 37 4 78
5 78 4 37 54 63 75 71
6 61 20 70 75 63 54 37 62
6 62 37 54 63 75 70 20 61
2 77 16 41 39
2 5 25 72 29
2 29 72 25 5
5 65 36 15 12 58 75 71
5 71 75 58 12 15 36 65
2 3 65 22 45
2 45 22 65 3
4 39 10 14 55 58 75
4 75 58 55 14 10 39
4 63 75 70 59 52 9
4 55 58 12 15 42 19
6 44 3 65 36 72 25 5 80
6 80 5 25 72 36 65 3 44
8 9 52 59 70 75 58 12 15 6 50
8 50 6 15 12 58 75 70 59 52 9
2 67 36 22 11
3 53 58 75 63 54
3 54 63 75 58 53
4 22 36 15 12 58 75
4 75 58 12 15 36 22
6 47 71 75 58 12 49 5 80
6 80 5 49 12 58 75 71 47
7 39 10 14 55 58 75 63 54 37
1 77 45 19
4 50 6 15 36 72 25
2 58 75 63 54
5 5 49 12 58 75 71 74
5 74 71 75 58 12 49 5
10 44 3 65 36 15 12 58 75 70 20 18 7
6 38 72 36 15 6 50 41 35
1 33 76 53
1 53 76 33
0 43 40
4 71 75 58 12 15 6
7 39 10 14 55 58 75 70 20 31
6 7 18 20 70 75 58 12 57
6 57 12 58 75 70 20 18 7
0 41 60
0 60 41
1 54 48 28
6 13 30 61 20 70 75 58 12
1 16 41 10
7 31 20 70 75 58 12 15 36 65
7 65 36 15 12 58 75 70 20 31
4 66 74 76 56 69 40
9 65 36 15 12 58 75 70 20 61 30 66
9 66 30 61 20 70 75 58 12 15 36 65
1 29 65 22
5 20 70 75 63 54 37 62
5 62 37 54 63 75 70 20
2 74 71 75 63
5 21 25 72 36 22 45 16
7 20 70 75 58 12 15 36 22 11
0 46 27
1 67 72 38
4 6 15 12 49 5 80
4 80 5 49 12 15 6
8 52 59 70 75 58 12 15 36 22 11
1 28 48 64
1 64 48 28
1 54 63 75
1 75 63 54
1 25 72 36
1 36 72 25
3 12 15 36 22 11
2 75 70 20 2
6 33 76 58 12 15 36 22 11
7 19 42 15 12 58 75 70 20 61
7 61 20 70 75 58 12 15 42 19
7 65 36 15 12 58 55 14 10 39
2 74 76 14 10
6 53 58 12 15 36 65 3 46
3 26 12 15 36 72
3 72 36 15 12 26
5 56 76 58 75 63 54 23
6 18 20 70 75 58 12 15 42
6 42 15 12 58 75 70 20 18
4 61 20 70 75 58 55
2 74 76 14 32
3 17 12 67 25 21
3 21 25 67 12 17
3 15 12 58 75 71
3 71 75 58 12 15
4 47 71 76 56 69 40
4 26 12 58 55 14 10
4 2 20 70 75 58 53
4 53 58 75 70 20 2
5 11 22 36 72 25 5 34
5 34 5 25 72 36 22 11
2 63 54 37 62
8 46 3 65 36 15 12 58 75 71 47
8 47 71 75 58 12 15 36 65 3 46
6 20 70 75 58 12 15 36 72
6 72 36 15 12 58 75 70 20
2 57 15 36 72
2 72 36 15 57
1 37 5 34
5 63 75 70 20 61 30 13
0 56 33
7 6 15 12 58 75 70 20 18 68
7 68 18 20 70 75 58 12 15 6
8 39 10 14 55 58 75 70 20 18 79
8 79 18 20 70 75 58 55 14 10 39
5 19 42 15 12 58 76 56
5 56 76 58 12 15 42 19
3 51 79 18 30 66
3 66 30 18 79 51
5 46 3 65 36 15 6 50
5 50 6 15 36 65 3 46
2 57 12 54 23
5 59 70 75 58 55 14 10
2 27 29 65 22
3 75 58 55 14 10
8 3 65 36 15 12 58 76 56 69 40
8 40 69 56 76 58 12 15 36 65 3
6 8 4 37 54 12 15 36 22
6 22 36 15 12 54 37 4 8
9 31 20 70 75 58 12 15 36 22 45 16
7 45 22 36 15 12 58 75 70 20
4 49 12 58 75 70 59
4 59 70 75 58 12 49
1 32 1 57
1 57 1 32
7 11 22 36 15 12 58 76 56 69
7 69 56 76 58 12 15 36 22 11
5 44 3 65 36 15 6 50
5 50 6 15 36 65 3 44
4 20 70 75 58 12 15
3 57 12 58 75 70
3 70 75 58 12 57
2 80 5 26 54
9 39 10 14 55 58 75 63 54 37 4 8
4 76 58 12 15 6 50
4 17 58 75 63 54 23
4 23 54 63 75 58 17
6 71 75 58 12 15 36 22 11
5 64 75 63 54 37 4 73
5 73 4 37 54 63 75 64
0 2 71
0 71 2
1 46 3 65
1 65 3 46
0 39 10
7 4 37 54 63 75 70 20 18 7
7 7 18 20 70 75 63 54 37 4
6 68 18 20 70 75 58 12 67
3 63 75 70 20 31
3 55 58 75 70 59
3 59 70 75 58 55
2 32 14 76 74
2 74 76 14 32
0 73 8
3 16 45 22 65 24
3 24 65 22 45 16
6 61 20 70 75 58 12 15 6
7 31 20 70 75 63 54 37 4 8
3 55 58 75 71 47
6 62 37 54 12 15 36 22 45
3 57 15 36 22 45
2 69 56 76 58
8 68 18 20 70 75 58 12 49 5 34
2 42 15 12 26
6 75 58 12 15 36 22 11 77
6 77 11 22 36 15 12 58 75
3 64 75 58 12 15
2 63 75 71 47
3 45 22 36 72 38
5 57 12 58 75 63 48 28
3 63 75 58 12 49
10 35 41 50 6 15 12 58 75 70 20 61 30
6 72 36 15 12 58 75 71 47
0 36 22
0 6 42
0 42 6
1 20 18 68
1 68 18 20
2 39 10 14 76
2 76 14 10 39
6 64 75 58 12 15 36 29 27
6 5 49 12 58 75 70 59 51
6 51 59 70 75 58 12 49 5
1 13 68 79
1 79 68 13
7 28 48 63 75 58 55 14 10 39
7 39 10 14 55 58 75 63 48 28
1 75 58 12
0 53 58
0 58 53
4 10 14 55 58 12 49
4 49 12 58 55 14 10
1 47 30 66
1 66 30 47
2 76 71 20 61
8 66 30 61 20 70 75 63 54 37 62
3 11 22 36 15 57
3 57 15 36 22 11
8 60 41 50 6 15 12 54 37 4 78
8 78 4 37 54 12 15 6 50 41 60
0 30 66
0 66 30
5 39 10 14 55 58 12 49
5 49 12 58 55 14 10 39
5 5 25 72 36 22 11 77
5 77 11 22 36 72 25 5
10 44 3 65 36 15 12 58 75 70 20 18 68
10 68 18 20 70 75 58 12 15 36 65 3 44
5 56 76 58 12 49 5 80
5 80 5 49 12 58 76 56
2 71 20 18 68
0 30 18
1 26 49 25
1 61 20 31
5 34 5 49 12 58 75 70
5 70 75 58 12 49 5 34
7 79 18 20 70 75 58 17 1 32
9 7 18 20 70 75 58 12 15 36 29 27
9 27 29 36 15 12 58 75 70 20 18 7
2 12 15 36 72
2 72 36 15 12
2 8 4 37 54
2 54 37 4 8
2 48 64 70 20
9 51 59 70 75 58 12 15 36 22 11 77
9 77 11 22 36 15 12 58 75 70 59 51
5 5 49 12 58 55 14 10
5 10 14 55 58 12 49 5
9 45 22 36 15 12 58 75 70 59 52 9
8 38 72 36 15 12 58 76 56 69 40
8 40 69 56 76 58 12 15 36 72 38
6 28 48 64 70 20 61 30 13
7 72 36 15 12 58 75 70 20 18
5 32 6 15 36 72 25 21
7 68 18 20 70 75 58 55 14 10
8 77 11 22 36 15 12 58 75 63 48
8 40 69 56 76 58 75 63 54 37 62
8 62 37 54 63 75 58 76 56 69 40
4 13 30 61 20 71 76
4 76 71 20 61 30 13
2 16 19 6 57
2 57 6 19 16
4 68 18 20 71 76 56
6 30 61 20 70 75 58 12 67
6 67 12 58 75 70 20 61 30
2 75 58 17 1
9 16 45 22 36 15 12 58 75 70 20 31
9 31 20 70 75 58 12 15 36 22 45 16
1 42 15 12
1 71 20 31
6 4 37 54 63 75 70 20 18
6 18 20 70 75 63 54 37 4
1 76 58 75
9 68 18 20 70 75 58 12 15 36 29 27
3 47 71 75 58 55
3 55 58 75 71 47
3 68 18 20 71 76
3 76 71 20 18 68
3 54 63 75 70 59
3 59 70 75 63 54
4 57 1 14 10 39 43
3 1 17 58 75 70
3 70 75 58 17 1
1 39 41 16
5 46 3 65 36 15 12 58
5 58 12 15 36 65 3 46
2 23 54 63 75
2 75 63 54 23
1 76 58 17
3 27 29 65 22 11
1 79 18 20
3 55 58 76 56 69
3 69 56 76 58 55
3 51 59 70 75 58
3 58 75 70 59 51
9 39 10 14 55 58 12 15 36 65 3 46
9 46 3 65 36 15 12 58 55 14 10 39
1 4 37 26
1 26 37 4
8 24 65 36 15 12 58 75 70 20 2
2 32 1 57 12
5 77 11 22 36 72 25 5
3 22 36 15 12 54
3 54 12 15 36 22
4 80 5 25 72 36 22
0 75 70
4 70 71 76 56 69 40
5 79 18 20 70 75 58 12
0 66 74
0 74 66
8 61 20 70 75 58 12 15 36 22 45
4 37 54 63 75 70 59
4 59 70 75 63 54 37
1 16 45 11
9 80 5 49 12 58 75 70 20 61 30 66
7 20 70 75 58 12 15 36 72 38
7 38 72 36 15 12 58 75 70 20
1 63 54 23
5 15 12 58 55 14 10 39
5 39 10 14 55 58 12 15
7 56 76 58 75 63 54 37 4 78
7 78 4 37 54 63 75 58 76 56
4 50 6 15 12 58 53
4 53 58 12 15 6 50
2 34 5 37 23
1 58 76 33
8 45 22 36 15 12 58 75 70 59 52
8 52 59 70 75 58 12 15 36 22 45
6 54 63 75 70 20 61 30 66
6 66 30 61 20 70 75 63 54
8 43 39 10 14 55 58 75 70 59 52
8 52 59 70 75 58 55 14 10 39 43
2 77 16 41 60
10 46 3 65 36 15 12 58 75 70 59 52 9
5 56 76 58 12 49 5 34
6 20 70 75 58 12 15 36 72
6 72 36 15 12 58 75 70 20
4 44 3 65 36 42 19
6 9 52 59 70 75 58 12 15
6 15 12 58 75 70 59 52 9
3 8 80 5 25 72
3 72 25 5 80 8
5 69 56 76 58 75 63 54
10 30 61 20 70 75 58 12 15 36 65 3 44
10 44 3 65 36 15 12 58 75 70 20 61 30
2 51 79 18 31
5 48 63 75 58 12 15 36
0 5 25
0 25 5
4 69 56 76 58 17 1
6 28 48 63 75 58 12 15 42
6 42 15 12 58 75 63 48 28
9 66 30 61 20 70 75 58 12 15 36 22
3 46 3 65 36 15
8 34 5 49 12 58 55 14 10 39 43
8 43 39 10 14 55 58 12 49 5 34
5 55 58 75 70 59 52 9
0 76 74
4 32 1 17 58 75 71
4 71 75 58 17 1 32
6 44 3 65 36 15 6 50 41
4 5 25 72 36 65 3
5 64 75 63 54 37 4 73
5 73 4 37 54 63 75 64
5 56 76 71 20 61 30 13
2 36 15 12 58
2 58 12 15 36
3 75 63 54 37 4
6 14 55 58 75 70 20 18 79
6 79 18 20 70 75 58 55 14
7 60 41 50 6 15 12 49 5 34
2 32 10 69 40
2 40 69 10 32
4 27 29 36 15 12 17
7 61 20 70 75 58 12 15 36 72
7 72 36 15 12 58 75 70 20 61
3 63 75 58 55 14
1 34 21 38
1 38 21 34
4 55 58 12 15 36 29
6 31 20 70 75 58 12 15 6
3 19 42 36 29 27
3 27 29 36 42 19
6 46 3 65 36 15 12 58 55
6 55 58 12 15 36 65 3 46
7 29 36 15 12 58 75 70 20 61
7 61 20 70 75 58 12 15 36 29
4 47 71 75 63 54 37
6 25 72 36 15 6 50 41 35
6 35 41 50 6 15 36 72 25
2 14 1 6 19
2 19 6 1 14
7 38 72 36 15 12 58 75 70 59
7 59 70 75 58 12 15 36 72 38
3 50 6 15 12 49
2 12 58 76 33
2 33 76 58 12
9 8 4 37 54 63 75 58 55 14 10 39
9 39 10 14 55 58 75 63 54 37 4 8
1 49 25 21
7 30 61 20 70 75 58 17 1 32
7 32 1 17 58 75 70 20 61 30
11 66 30 61 20 70 75 58 12 15 36 22 45 16
0 69 40
9 44 3 65 36 15 12 58 75 70 59 51
9 51 59 70 75 58 12 15 36 65 3 44
4 78 4 37 54 12 15
6 77 11 22 36 15 12 58 75
2 69 56 76 58
4 56 76 71 20 18 68
4 68 18 20 71 76 56
5 14 55 58 12 49 5 80
5 80 5 49 12 58 55 14
2 22 65 29 27
2 27 29 65 22
8 51 59 70 75 58 12 15 36 22 11
6 6 15 12 58 75 70 59 52
6 52 59 70 75 58 12 15 6
4 59 70 75 58 12 49
5 4 37 54 12 15 42 19
5 19 42 15 12 54 37 4
4 7 18 20 70 59 52
4 52 59 70 20 18 7
2 71 76 56 69
2 35 41 10 56
2 56 10 41 35
5 4 37 54 63 75 58 55
5 55 58 75 63 54 37 4
4 48 64 70 20 18 79
4 79 18 20 70 64 48
4 58 12 15 36 22 45
4 45 22 36 15 12 54
4 54 12 15 36 22 45
3 71 20 61 30 66
7 63 75 58 12 15 36 65 3 46
0 53 76
0 76 53
6 78 4 37 54 63 75 71 74
3 55 58 75 63 48
1 36 15 12
4 19 42 36 65 3 46
4 46 3 65 36 42 19
5 60 41 50 6 15 12 54
5 64 75 58 12 15 42 19
0 57 6
5 7 18 20 70 75 58 12
5 12 58 75 70 20 18 7
4 62 37 54 12 15 42
0 18 61
0 61 18
4 72 36 15 12 58 75
4 75 58 12 15 36 72
2 57 12 54 37
4 1 17 58 75 71 47
4 47 71 75 58 17 1
5 22 36 15 12 58 75 63
5 63 75 58 12 15 36 22
7 13 30 61 20 70 75 58 12 26
7 26 12 58 75 70 20 61 30 13
1 11 22 42
1 42 22 11
7 51 59 70 75 58 12 15 36 65
7 65 36 15 12 58 75 70 59 51
7 9 52 59 70 75 58 12 15 6
2 76 71 70 59
0 51 7
2 32 6 15 67
2 67 15 6 32
2 25 5 80 8
5 72 36 15 12 58 75 63
6 51 59 70 75 58 12 49 5
0 56 69
0 69 56
6 65 36 15 12 58 75 63 48
4 15 12 54 37 4 73
4 73 4 37 54 12 15
3 4 37 54 12 15
3 15 12 54 37 4
5 40 69 56 76 58 12 57
5 57 12 58 76 56 69 40
0 78 4
7 2 20 70 75 63 54 37 4 8
7 8 4 37 54 63 75 70 20 2
6 45 22 36 15 12 54 37 4
4 24 65 36 72 25 5
1 9 52 51
1 51 52 9
6 63 75 58 12 15 36 22 11
1 57 1 14
6 77 11 22 36 72 25 5 34
4 53 58 12 67 25 21
7 48 63 75 58 12 15 36 65 24
3 57 15 36 65 24
8 44 3 65 36 15 12 58 75 71 74
8 74 71 75 58 12 15 36 65 3 44
1 71 75 58
7 66 30 61 20 70 75 58 12 26
7 2 20 70 75 58 12 15 36 22
7 22 36 15 12 58 75 70 20 2
0 60 35
8 61 20 70 75 58 12 15 36 65 24
1 38 72 36
1 28 4 78
1 78 4 28
0 6 42
0 42 6
7 8 4 37 54 63 75 58 55 14
7 14 55 58 75 63 54 37 4 8
6 7 18 20 70 75 63 54 37
6 37 54 63 75 70 20 18 7
10 79 18 20 70 75 58 12 15 6 50 41 60
5 9 52 59 70 20 61 47
5 47 61 20 70 59 52 9
5 35 41 50 6 15 36 65
5 65 36 15 6 50 41 35
8 22 36 15 12 58 75 70 20 61 30
8 30 61 20 70 75 58 12 15 36 22
8 10 14 55 58 12 15 36 65 3 44
8 44 3 65 36 15 12 58 55 14 10
3 7 18 20 71 76
3 76 71 20 18 7
4 69 56 76 71 20 31
7 52 59 70 75 58 12 15 36 22
7 4 37 54 63 75 58 17 1 32
7 32 1 17 58 75 63 54 37 4
7 56 76 58 12 15 36 22 45 16
9 7 18 20 70 75 58 12 15 36 22 45
9 45 22 36 15 12 58 75 70 20 18 7
5 51 59 70 75 58 12 67
5 67 12 58 75 70 59 51
6 74 71 75 63 54 37 4 8
5 28 48 63 75 71 74 33
5 33 74 71 75 63 48 28
5 54 12 15 6 50 41 35
7 21 25 67 12 58 75 70 59 52
7 52 59 70 75 58 12 67 25 21
2 46 3 65 29
5 50 6 15 12 49 5 80
5 80 5 49 12 15 6 50
7 46 3 65 36 15 12 58 75 71
7 71 75 58 12 15 36 65 3 46
8 29 36 15 12 58 75 70 20 18 7
2 34 5 49 67
2 67 49 5 34
4 2 20 70 75 63 54
4 54 63 75 70 20 2
0 50 6
1 75 58 53
5 37 54 63 75 70 20 2
4 21 25 67 12 58 75
4 75 58 12 67 25 21
1 78 4 23
1 61 20 71
1 71 20 61
4 31 20 70 59 52 9
6 24 65 36 15 12 54 37 4
1 75 58 76
1 76 58 75
6 7 18 20 71 76 56 69 40
6 40 69 56 76 71 20 18 7
2 71 75 63 54
0 79 51
5 60 41 50 6 15 36 65
5 65 36 15 6 50 41 60
0 37 62
0 62 37
3 67 12 58 76 33
5 11 22 36 15 12 58 55
5 55 58 12 15 36 22 11
5 66 30 61 20 70 75 63
3 49 12 58 75 64
3 64 75 58 12 49
7 5 49 12 58 75 70 20 61 30
7 30 61 20 70 75 58 12 49 5
1 54 12 67
1 67 12 54
5 70 75 58 12 15 36 29
0 70 64
4 25 72 36 22 11 77
4 77 11 22 36 72 25
2 55 58 76 33
4 5 25 72 36 22 45
4 45 22 36 72 25 5
2 6 50 41 35
2 35 41 50 6
1 15 36 65
1 65 36 15
3 19 42 36 65 3
10 46 3 65 36 15 12 58 75 70 59 52 9
6 41 50 6 15 12 58 75 64
6 64 75 58 12 15 6 50 41
7 73 4 37 54 12 15 36 65 3
4 38 72 36 15 12 58
4 58 12 15 36 72 38
7 65 36 15 12 58 55 14 10 39
6 41 50 6 15 36 72 25 21
1 20 61 47
1 47 61 20
1 8 4 9
1 9 4 8
0 27 29
0 29 27
0 24 3
4 57 12 54 37 4 78
4 78 4 37 54 12 57
9 35 41 50 6 15 12 58 75 70 20 61
9 61 20 70 75 58 12 15 6 50 41 35
3 74 76 56 69 40
2 16 41 39 40
2 40 39 41 16
8 25 67 12 58 75 70 20 61 30 66
8 66 30 61 20 70 75 58 12 67 25
6 74 71 75 58 12 15 36 22
6 74 71 75 58 12 49 5 34
10 38 72 36 15 12 58 75 70 20 61 30 66
10 66 30 61 20 70 75 58 12 15 36 72 38
3 68 18 20 70 75
3 75 70 20 18 68
5 76 58 75 63 54 37 4
8 65 36 15 12 58 75 70 20 18 68
8 68 18 20 70 75 58 12 15 36 65
2 25 5 37 4
4 66 30 61 20 70 64
11 44 3 65 36 15 12 58 75 70 20 61 30 13
0 12 67
0 67 12
3 47 71 76 56 69
3 69 56 76 71 47
9 16 45 22 36 15 12 58 75 70 20 2
6 49 12 58 75 70 59 52 9
8 73 4 37 54 12 15 36 22 45 16
3 80 5 49 12 17
6 34 5 49 12 58 75 71 74
6 74 71 75 58 12 49 5 34
6 71 75 58 12 15 36 29 27
8 27 29 36 15 12 58 75 63 48 28
8 28 48 63 75 58 12 15 36 29 27
7 45 22 36 15 12 58 75 71 47
7 47 71 75 58 12 15 36 22 45
3 54 12 15 36 72
3 72 36 15 12 54
1 50 41 39
4 59 70 75 58 12 26
7 74 71 75 58 12 15 36 22 45
9 9 52 59 70 75 58 12 15 36 72 38
9 38 72 36 15 12 58 75 70 59 52 9
8 9 52 59 70 75 58 12 67 25 21
8 21 25 67 12 58 75 70 59 52 9
5 24 65 36 15 12 58 55
5 55 58 12 15 36 65 24
8 9 52 59 70 75 58 12 15 36 72
8 72 36 15 12 58 75 70 59 52 9
1 8 4 9
1 9 4 8
4 80 5 49 12 57 1
3 57 12 49 5 80
3 80 5 49 12 57
2 17 55 14 10
7 25 67 12 58 75 70 20 18 7
1 68 79 51
8 66 30 61 20 70 75 58 17 1 32
5 49 12 58 76 56 69 40
4 55 58 75 70 59 51
9 78 4 37 54 63 75 70 20 61 30 66
0 76 71
0 62 37
2 28 48 64 70
2 70 64 48 28
3 57 12 54 37 4
1 76 58 17
3 75 63 54 37 4
1 25 49 26
1 26 49 25
2 36 15 57 1
3 57 12 54 37 4
2 42 15 57 1
9 43 39 10 14 55 58 75 70 20 61 30
0 4 28
0 28 4
5 13 30 61 20 70 59 52
5 52 59 70 20 61 30 13
6 67 12 58 75 70 20 18 68
6 68 18 20 70 75 58 12 67
2 54 63 75 64
2 64 75 63 54
4 53 58 12 15 6 50
8 7 18 20 70 75 58 12 49 5 34
8 34 5 49 12 58 75 70 20 18 7
10 38 72 36 15 12 58 75 70 20 61 30 66
10 66 30 61 20 70 75 58 12 15 36 72 38
6 55 58 12 15 36 65 3 46
7 21 25 67 12 58 75 70 20 2
5 62 37 54 63 75 71 47
2 5 25 72 38
2 38 72 25 5
6 73 4 37 54 12 15 36 72
3 71 75 58 17 1
1 76 14 32
8 2 20 70 75 58 12 15 36 72 38
8 38 72 36 15 12 58 75 70 20 2
5 61 20 70 75 63 54 37
6 65 36 15 12 58 75 71 74
6 74 71 75 58 12 15 36 65
6 40 69 56 76 71 70 59 52
6 52 59 70 71 76 56 69 40
7 13 30 61 20 70 75 58 55 14
7 14 55 58 75 70 20 61 30 13
1 67 12 17
2 15 36 72 25
2 25 72 36 15
7 50 6 15 12 58 75 70 59 52
7 52 59 70 75 58 12 15 6 50
6 11 22 36 15 12 58 76 56
6 56 76 58 12 15 36 22 11
4 17 58 75 70 20 31
4 31 20 70 75 58 17
6 57 12 58 75 70 20 61 30
7 78 4 37 54 63 75 58 55 14
1 19 42 22
1 22 42 19
2 5 37 4 9
2 9 4 37 5
4 22 36 72 25 5 80
4 80 5 25 72 36 22
6 73 4 37 54 63 75 58 55
5 69 56 76 58 12 49 5
7 43 39 10 14 55 58 75 63 54
7 54 63 75 58 55 14 10 39 43
7 78 4 37 54 12 15 36 65 3
1 57 15 42
1 48 63 75
1 75 63 48
4 58 75 63 54 37 62
4 62 37 54 63 75 58
1 20 70 59
1 59 70 20
8 65 36 15 12 58 75 70 20 61 30
5 34 5 49 12 58 76 33
5 12 58 55 14 10 39 43
5 43 39 10 14 55 58 12
6 62 37 54 12 15 6 50 41
5 56 76 58 12 49 5 80
5 80 5 49 12 58 76 56
2 62 37 54 12
3 41 50 6 15 36
7 44 3 65 36 15 12 58 76 33
1 42 6 32
0 37 5
1 5 49 67
1 67 49 5
9 39 10 14 55 58 75 70 20 61 30 13
2 60 41 50 6
2 8 34 21 38
2 38 21 34 8
2 67 36 29 27
7 48 63 75 58 12 15 36 65 3
0 8 34
0 34 8
2 35 41 50 19
3 76 58 75 63 48
3 12 15 36 65 3
8 79 18 20 70 75 63 54 37 4 73
1 14 10 39
1 39 10 14
3 60 41 50 6 57
4 23 54 12 15 36 22
5 9 52 59 70 75 58 12
5 12 58 75 70 59 52 9
4 58 12 15 36 22 45
10 30 61 20 70 75 58 12 15 36 22 45 16
4 58 75 70 59 52 9
3 21 25 72 36 65
3 65 36 72 25 21
9 46 3 65 36 15 12 58 55 14 10 39
3 11 22 65 3 46
3 46 3 65 22 11
8 41 50 6 15 12 58 75 70 20 18
9 79 18 20 70 75 58 12 15 36 29 27
1 68 30 74
1 74 30 68
2 74 30 18 79
2 79 18 30 74
8 28 48 63 75 58 12 15 36 65 24
5 24 65 36 15 6 50 41
5 41 50 6 15 36 65 24
7 63 75 58 12 15 6 50 41 35
4 50 6 15 12 54 37
0 56 10
6 48 63 75 58 12 15 36 65
6 65 36 15 12 58 75 63 48
5 54 12 15 36 22 11 77
5 77 11 22 36 15 12 54
5 80 5 49 12 58 75 63
6 6 15 12 58 75 70 59 52
6 52 59 70 75 58 12 15 6
7 47 71 75 58 12 15 36 65 3
7 10 14 55 58 75 70 59 52 9
7 80 5 49 12 58 75 70 20 2
5 58 75 63 54 37 4 78
5 78 4 37 54 63 75 58
8 60 41 50 6 15 12 54 37 4 78
8 78 4 37 54 12 15 6 50 41 60
1 23 37 5
4 76 58 12 15 6 50
7 29 36 15 12 58 75 70 59 51
7 51 59 70 75 58 12 15 36 29
4 6 15 36 65 3 44
4 44 3 65 36 15 6
1 79 68 13
5 53 58 75 70 20 18 79
5 79 18 20 70 75 58 53
5 78 4 37 54 63 75 58
4 27 29 65 22 11 77
4 77 11 22 65 29 27
6 41 50 6 15 12 58 75 64
6 64 75 58 12 15 6 50 41
6 49 12 58 75 70 20 18 7
2 19 6 32 10
3 48 64 70 20 18
4 44 3 65 36 72 25
6 16 45 22 36 15 12 54 23
6 23 54 12 15 36 22 45 16
5 22 36 15 12 58 75 70
5 70 75 58 12 15 36 22
7 28 48 63 75 58 12 15 6 50
7 50 6 15 12 58 75 63 48 28
3 72 25 5 80 8
6 20 70 75 58 12 49 5 34
6 34 5 49 12 58 75 70 20
4 50 6 15 36 72 25
6 77 11 22 36 72 25 5 80
6 80 5 25 72 36 22 11 77
4 38 72 36 15 57 1
4 78 4 37 54 12 67
1 58 12 57
3 63 75 70 20 18
5 40 69 56 76 58 75 63
5 63 75 58 76 56 69 40
1 57 12 58
1 58 12 57
7 73 4 37 54 12 15 36 65 24
3 76 58 12 15 36
7 48 63 75 58 55 14 10 39 43
6 10 14 55 58 12 15 36 22
6 22 36 15 12 58 55 14 10
6 32 1 17 58 75 63 54 37
6 37 54 63 75 58 17 1 32
2 71 75 58 55
8 44 3 65 36 15 12 58 55 14 10
7 8 4 37 54 12 15 36 22 45
7 45 22 36 15 12 54 37 4 8
0 67 36
6 45 22 36 15 12 58 76 56
6 56 76 58 12 15 36 22 45
1 68 30 74
1 74 30 68
3 42 36 65 3 46
3 46 3 65 36 42
5 50 6 15 12 58 76 56
5 56 76 58 12 15 6 50
4 15 12 58 55 14 10
7 39 10 14 55 58 75 63 54 23
5 19 42 15 12 58 75 63
5 63 75 58 12 15 42 19
9 18 20 70 75 58 12 15 36 65 3 46
9 46 3 65 36 15 12 58 75 70 20 18
3 8 4 28 48 59
3 59 48 28 4 8
0 67 72
0 72 67
4 48 63 75 58 12 57
4 57 12 58 75 63 48
3 46 3 65 22 11
6 18 20 70 75 58 12 15 6
0 8 4
2 73 4 28 52
8 11 22 36 15 12 58 75 70 20 61
8 61 20 70 75 58 12 15 36 22 11
9 77 11 22 36 15 12 58 75 70 59 52
2 58 75 71 47
8 28 48 63 75 58 12 15 36 65 24
7 8 4 37 54 63 75 70 20 18
7 18 20 70 75 63 54 37 4 8
2 47 71 75 58
2 58 75 71 47
6 80 5 25 72 36 65 3 44
4 24 65 36 15 12 49
4 49 12 15 36 65 24
4 9 52 59 70 20 31
4 31 20 70 59 52 9
5 27 29 36 15 12 58 75
5 75 58 12 15 36 29 27
3 54 63 75 71 74
3 74 71 75 63 54
7 3 65 36 15 12 58 75 70 20
7 20 70 75 58 12 15 36 65 3
1 37 5 21
4 57 15 36 65 3 44
3 56 76 58 12 49
4 47 71 75 58 12 67
4 67 12 58 75 71 47
8 61 20 70 75 58 55 14 10 39 43
2 41 32 1 17
5 14 55 58 12 49 5 80
5 80 5 49 12 58 55 14
6 66 30 61 20 70 75 58 12
3 58 12 15 36 65
3 65 36 15 12 58
0 55 1
3 33 74 71 75 64
3 64 75 71 74 33
7 63 75 58 12 15 6 50 41 60
6 10 14 55 58 75 63 54 37
6 37 54 63 75 58 55 14 10
6 53 58 75 70 20 61 30 13
7 8 4 37 54 12 15 6 50 41
7 41 50 6 15 12 54 37 4 8
2 65 22 45 16
5 4 37 54 12 15 36 72
5 72 36 15 12 54 37 4
9 16 45 22 36 15 12 58 75 70 20 2
3 58 12 15 36 29
6 77 11 22 36 72 25 5 80
6 80 5 25 72 36 22 11 77
4 18 20 71 76 56 69
4 69 56 76 71 20 18
7 16 45 22 36 15 12 58 75 63
7 63 75 58 12 15 36 22 45 16
0 21 34
0 34 21
6 74 71 75 63 54 37 4 78
6 78 4 37 54 63 75 71 74
5 18 20 70 75 58 17 1
2 30 18 79 51
2 51 79 18 30
7 64 75 58 12 15 36 65 3 44
7 30 61 20 70 75 58 12 67 25
5 32 1 57 12 49 5 34
5 34 5 49 12 57 1 32
2 69 56 76 71
2 71 76 56 69
1 75 58 53
7 6 15 12 58 75 70 20 61 30
7 30 61 20 70 75 58 12 15 6
0 45 22
2 64 75 63 54
1 50 41 60
1 60 41 50
4 53 58 12 15 42 19
6 48 63 75 58 12 67 25 21
2 2 61 18 68
2 68 18 61 2
4 54 12 15 36 29 27
2 17 58 75 71
2 71 75 58 17
7 27 29 36 15 12 54 37 4 78
7 78 4 37 54 12 15 36 29 27
0 41 10
0 42 22
4 67 12 54 37 4 73
4 73 4 37 54 12 67
6 8 4 37 54 63 75 58 55
6 55 58 75 63 54 37 4 8
5 64 75 58 12 49 5 34
7 28 48 63 75 58 12 67 25 21
2 15 36 65 24
2 24 65 36 15
5 42 15 12 54 37 4 78
5 78 4 37 54 12 15 42
3 77 16 41 39 43
1 57 6 50
3 62 37 54 12 57
1 22 36 15
1 76 58 75
10 41 50 6 15 12 58 75 70 20 61 30 13
5 17 58 75 70 20 18 68
5 68 18 20 70 75 58 17
1 29 65 3
2 31 20 61 47
2 47 61 20 31
2 28 48 64 70
2 70 64 48 28
0 22 11
2 55 58 12 49
1 63 75 70
1 70 75 63
3 24 65 36 72 25
3 25 72 36 65 24
6 19 42 15 12 58 75 70 20
6 20 70 75 58 12 15 42 19
4 19 42 15 12 58 76
4 76 58 12 15 42 19
5 21 25 72 36 15 6 32
5 32 6 15 36 72 25 21
5 4 37 54 63 75 71 74
5 74 71 75 63 54 37 4
10 46 3 65 36 15 12 58 75 70 20 18 79
10 79 18 20 70 75 58 12 15 36 65 3 46
8 68 18 20 70 75 58 55 14 10 39
7 43 39 10 14 55 58 12 49 5
0 58 53
6 14 55 58 12 15 36 72 38
6 38 72 36 15 12 58 55 14
3 7 18 20 71 76
3 76 71 20 18 7
0 5 34
0 34 5
5 18 20 70 75 58 12 26
5 26 12 58 75 70 20 18
4 76 58 12 15 36 72
4 26 12 58 75 70 59
4 59 70 75 58 12 26
7 13 30 61 20 70 75 58 12 49
7 49 12 58 75 70 20 61 30 13
1 35 41 32
3 20 70 75 58 53
3 53 58 75 70 20
3 59 48 28 4 73
3 73 4 28 48 59
0 37 62
0 62 37
9 66 30 61 20 70 75 58 12 49 5 34
1 12 15 6
4 72 36 15 12 58 55
1 10 14 1
3 59 70 75 58 55
7 39 10 14 55 58 12 15 36 65
7 65 36 15 12 58 55 14 10 39
2 2 20 70 75
2 75 70 20 2
7 19 42 15 12 58 75 70 59 51
7 51 59 70 75 58 12 15 42 19
8 20 70 75 58 12 15 36 65 3 46
8 46 3 65 36 15 12 58 75 70 20
6 75 58 12 15 36 22 11 77
6 77 11 22 36 15 12 58 75
9 24 65 36 15 12 58 75 70 20 18 7
5 77 11 22 36 15 12 58
7 70 75 58 12 15 36 22 45 16
0 63 48
3 40 39 41 50 19
5 61 20 70 75 58 12 26
2 52 28 4 73
2 73 4 28 52
2 31 20 71 76
2 76 71 20 31
8 79 18 20 70 75 58 12 15 36 72
5 28 48 63 75 58 12 57
5 57 12 58 75 63 48 28
9 78 4 37 54 63 75 70 20 61 30 66
9 41 50 6 15 12 58 75 70 20 18 79
9 79 18 20 70 75 58 12 15 6 50 41
3 12 15 36 22 11
5 50 6 15 12 58 75 63
5 63 75 58 12 15 6 50
2 57 12 58 76
2 76 58 12 57
5 59 70 75 58 17 1 32
4 2 20 70 75 58 55
4 55 58 75 70 20 2
2 42 36 65 24
5 23 54 12 15 36 65 24
5 24 65 36 15 12 54 23
4 71 75 63 54 37 62
4 42 15 12 54 37 4
2 39 41 16 45
2 45 16 41 39
6 28 48 63 75 58 76 56 69
6 69 56 76 58 75 63 48 28
3 72 36 15 12 26
3 12 58 75 70 20
3 20 70 75 58 12
4 2 20 70 59 52 9
4 9 52 59 70 20 2
4 37 54 63 75 71 74
4 74 71 75 63 54 37
2 8 80 5 49
2 49 5 80 8
2 5 37 4 9
2 9 4 37 5
3 31 20 61 30 13
0 36 42
0 42 36
4 76 58 75 63 54 37
1 48 54 37
2 12 15 36 22
2 22 36 15 12
6 60 41 50 6 15 36 65 3
3 36 15 12 58 53
3 53 58 12 15 36
7 38 72 36 15 12 58 75 71 74
7 74 71 75 58 12 15 36 72 38
3 50 6 15 36 65
3 65 36 15 6 50
2 15 6 50 41
2 41 50 6 15
4 10 14 55 58 12 26
4 26 12 58 55 14 10
5 12 58 55 14 10 39 43
5 43 39 10 14 55 58 12
5 35 41 50 6 15 12 49
5 49 12 15 6 50 41 35
5 36 15 12 58 75 71 74
5 74 71 75 58 12 15 36
1 49 67 72
1 72 67 49
7 34 5 49 12 58 75 70 20 31
5 36 15 12 58 76 56 69
5 69 56 76 58 12 15 36
4 24 65 36 15 6 32
4 32 6 15 36 65 24
2 57 15 36 72
2 72 36 15 57
5 68 18 20 71 76 56 69
5 69 56 76 71 20 18 68
9 13 30 61 20 70 75 58 12 49 5 80
9 80 5 49 12 58 75 70 20 61 30 13
2 23 37 5 80
2 80 5 37 23
7 4 37 54 12 15 6 50 41 60
7 60 41 50 6 15 12 54 37 4
3 74 71 75 58 53
6 76 58 75 63 54 37 4 8
5 14 55 58 75 63 54 37
5 37 54 63 75 58 55 14
3 33 76 58 12 57
3 57 12 58 76 33
8 79 18 20 70 75 58 12 15 42 19
8 25 67 12 58 75 70 20 61 30 66
8 66 30 61 20 70 75 58 12 67 25
3 12 54 37 4 73
3 73 4 37 54 12
3 10 32 6 42 45
3 45 42 6 32 10
6 56 76 58 12 15 36 22 45
8 65 36 15 12 58 75 70 20 18 79
8 79 18 20 70 75 58 12 15 36 65
6 28 48 63 75 58 12 15 42
6 42 15 12 58 75 63 48 28
1 70 64 48
10 30 61 20 70 75 58 12 15 6 50 41 35
10 35 41 50 6 15 12 58 75 70 20 61 30
5 47 71 75 63 54 37 4
5 34 5 49 12 15 6 50
5 50 6 15 12 49 5 34
4 15 12 58 75 70 59
4 59 70 75 58 12 15
6 23 54 63 75 58 55 14 10
0 18 68
0 68 18
9 46 3 65 36 15 12 58 75 70 59 51
9 51 59 70 75 58 12 15 36 65 3 46
6 44 3 65 36 15 12 58 76
6 76 58 12 15 36 65 3 44
2 13 30 74 33
2 33 74 30 13
0 45 22
6 29 36 15 12 58 75 70 20
3 67 36 65 3 46
4 19 42 36 65 3 46
4 46 3 65 36 42 19
6 7 18 20 71 76 56 69 40
6 40 69 56 76 71 20 18 7
0 13 68
0 68 13
4 26 12 58 75 70 59
4 59 70 75 58 12 26
1 23 54 12
5 61 20 70 75 63 54 37
7 70 75 58 12 15 6 50 41 35
8 46 3 65 36 15 12 54 37 4 8
7 54 63 75 58 55 14 10 39 43
2 10 14 55 17
2 17 55 14 10
2 70 20 61 30
3 69 56 76 71 2
5 14 55 58 12 49 5 34
5 34 5 49 12 58 55 14
2 56 76 58 75
2 75 58 76 56
3 53 58 75 71 74
3 74 71 75 58 53
7 40 69 56 76 58 75 63 54 23
9 39 10 14 55 58 75 63 54 37 4 78
9 78 4 37 54 63 75 58 55 14 10 39
3 63 75 70 59 52
4 17 58 76 56 69 40
4 40 69 56 76 58 17
8 62 37 54 63 75 58 55 14 10 39
6 51 59 70 75 58 12 15 42
4 75 63 54 37 4 73
7 28 48 63 75 58 76 56 69 40
7 40 69 56 76 58 75 63 48 28
4 80 5 49 12 57 1
6 34 5 49 12 15 6 50 41
6 41 50 6 15 12 49 5 34
4 50 6 15 12 54 23
2 22 36 72 38
2 38 72 36 22
4 56 76 58 12 15 36
1 71 20 31
5 62 37 54 63 75 58 76
5 76 58 75 63 54 37 62
4 24 65 36 72 25 21
5 50 6 15 12 58 75 63
5 63 75 58 12 15 6 50
5 50 6 15 12 58 75 64
5 64 75 58 12 15 6 50
7 24 65 36 15 12 58 75 71 47
7 47 71 75 58 12 15 36 65 24
7 24 65 36 15 12 58 75 71 74
7 74 71 75 58 12 15 36 65 24
0 41 50
0 50 41
0 18 68
0 68 18
4 41 50 6 15 12 49
4 49 12 15 6 50 41
6 21 25 67 12 58 75 71 74
6 74 71 75 58 12 67 25 21
2 9 52 59 70
2 70 59 52 9
3 48 64 70 20 31
5 27 29 36 15 12 54 23
7 18 20 70 75 58 12 15 6 50
7 50 6 15 12 58 75 70 20 18
7 6 15 12 58 75 70 20 18 79
7 79 18 20 70 75 58 12 15 6
3 77 11 22 65 29
9 51 59 70 75 58 12 15 36 65 3 46
7 43 39 10 14 55 58 75 70 20
1 62 4 28
0 37 5
3 27 29 36 15 12
6 30 61 20 70 75 58 12 67
6 67 12 58 75 70 20 61 30
3 61 20 70 64 48
4 6 15 36 72 25 21
4 21 25 72 36 15 6
5 16 45 22 36 15 12 58
5 58 12 15 36 22 45 16
1 14 1 57
1 57 1 14
1 47 30 13
6 7 18 20 70 75 58 12 26
6 26 12 58 75 70 20 18 7
3 67 12 58 76 56
0 27 72
0 72 27
3 6 15 12 54 23
3 23 54 12 15 6
1 53 76 56
1 56 76 53
4 20 70 75 58 12 15
4 27 29 36 15 57 1
0 75 63
1 37 5 21
4 74 71 75 58 12 67
6 39 10 14 55 58 75 63 54
6 54 63 75 58 55 14 10 39
1 66 74 76
1 76 74 66
3 26 12 58 76 33
3 33 76 58 12 26
6 54 63 75 58 55 14 10 39
0 9 52
0 52 9
7 3 65 36 15 12 58 75 71 47
7 47 71 75 58 12 15 36 65 3
8 77 11 22 36 15 12 58 76 56 69
4 22 36 15 12 54 23
4 23 54 12 15 36 22
8 61 20 70 75 58 12 15 36 29 27
2 77 11 22 65
1 34 5 49
1 49 5 34
10 79 18 20 70 75 58 12 15 6 50 41 60
4 1 57 15 36 72 25
4 25 72 36 15 57 1
1 74 71 70
2 45 22 36 67
2 67 36 22 45
8 8 4 37 54 12 15 6 50 41 35
8 35 41 50 6 15 12 54 37 4 8
6 72 36 15 12 54 37 4 73
6 73 4 37 54 12 15 36 72
2 63 75 58 17
6 57 12 58 75 70 20 18 68
6 68 18 20 70 75 58 12 57
2 7 18 30 66
2 66 30 18 7
8 39 10 14 55 58 75 70 59 52 9
2 32 6 15 36
2 36 15 6 32
7 30 61 20 70 75 58 12 15 6
2 10 32 6 42
2 42 6 32 10
5 64 75 58 55 14 10 39
5 26 12 58 75 70 20 18
8 39 10 14 55 58 12 15 36 65 24
5 29 36 15 12 58 75 71
5 71 75 58 12 15 36 29
5 1 17 58 75 63 54 23
5 23 54 63 75 58 17 1
2 60 41 16 77
2 77 16 41 60
3 41 50 6 15 67
3 67 15 6 50 41
3 32 6 15 36 65
3 65 36 15 6 32
8 59 70 75 58 12 15 36 65 3 46
2 1 57 15 36
2 36 15 57 1
7 33 74 71 75 63 54 37 4 8
2 53 58 75 71
2 71 75 58 53
5 48 63 75 58 12 15 36
5 58 12 15 36 22 11 77
5 77 11 22 36 15 12 58
8 73 4 37 54 63 75 70 20 18 68
3 70 75 58 12 57
1 58 12 15
1 26 54 48
1 48 54 26
4 71 75 58 12 15 6
6 38 72 36 15 12 58 75 71
6 71 75 58 12 15 36 72 38
9 60 41 50 6 15 12 58 75 70 20 18
1 67 25 21
5 4 37 54 12 15 6 50
5 50 6 15 12 54 37 4
2 5 49 12 15
2 15 12 49 5
2 15 12 54 37
2 37 54 12 15
0 2 47
0 47 2
3 76 58 12 15 6
1 70 71 76
1 76 71 70
7 41 50 6 15 12 58 75 71 47
7 47 71 75 58 12 15 6 50 41
5 24 65 36 72 25 5 34
5 34 5 25 72 36 65 24
2 66 74 76 14
3 10 14 55 58 75
3 75 58 55 14 10
5 28 48 63 75 58 12 67
5 67 12 58 75 63 48 28
6 42 15 12 58 75 70 20 18
2 72 25 5 80
2 80 5 25 72
6 40 69 56 76 71 70 59 52
6 52 59 70 71 76 56 69 40
4 17 12 15 36 29 27
4 27 29 36 15 12 17
8 24 65 36 15 12 58 75 70 59 52
8 52 59 70 75 58 12 15 36 65 24
3 76 14 32 41 60
5 66 74 76 14 10 39 43
0 16 19
0 19 16
6 41 50 6 15 36 65 3 44
6 44 3 65 36 15 6 50 41
9 24 65 36 15 12 58 75 70 20 61 30
9 30 61 20 70 75 58 12 15 36 65 24
3 39 10 14 55 17
5 29 36 15 12 54 37 62
5 62 37 54 12 15 36 29
1 50 32 14
5 75 58 12 15 36 22 11
5 9 52 59 70 75 58 55
5 55 58 75 70 59 52 9
1 77 16 50
7 24 65 36 15 12 58 75 70 20
3 49 12 58 75 64
3 64 75 58 12 49
4 23 54 63 75 58 17
8 10 14 55 58 75 63 54 37 4 78
8 78 4 37 54 63 75 58 55 14 10
1 21 5 37
1 37 5 21
3 57 15 36 72 38
6 31 20 70 75 58 12 67 25
2 57 15 36 72
2 72 36 15 57
5 20 70 75 58 17 1 32
5 32 1 17 58 75 70 20
0 53 58
0 58 53
4 48 63 75 58 17 1
2 71 75 58 17
7 15 12 58 75 70 20 61 30 66
7 66 30 61 20 70 75 58 12 15
3 59 70 75 58 55
8 72 36 15 12 58 75 70 20 18 7
2 24 65 36 15
1 27 72 25
7 78 4 37 54 63 75 58 17 1
9 73 4 37 54 63 75 58 55 14 10 39
1 79 68 13
3 76 71 20 18 7
3 51 59 70 75 58
3 58 75 70 59 51
2 63 75 70 59
5 1 17 58 75 70 20 2
5 2 20 70 75 58 17 1
5 10 14 55 58 75 63 54
5 54 63 75 58 55 14 10
2 59 70 75 58
3 54 12 15 6 50
4 26 12 58 75 70 20
1 67 49 5
2 74 71 75 58
4 11 22 36 15 6 50
4 50 6 15 36 22 11
6 72 36 15 12 58 76 56 69
3 26 12 15 36 22
5 70 75 58 12 15 6 50
8 60 41 50 6 15 12 58 75 70 20
4 63 75 70 20 18 7
3 26 12 15 36 65
3 65 36 15 12 26
8 65 36 15 12 58 75 70 59 52 9
8 43 39 10 14 55 58 12 15 36 65
8 65 36 15 12 58 55 14 10 39 43
6 42 15 12 58 75 70 59 52
6 52 59 70 75 58 12 15 42
0 38 21
9 61 20 70 75 58 12 15 36 65 3 44
7 22 36 15 12 58 55 14 10 39
7 39 10 14 55 58 12 15 36 22
5 15 12 58 76 56 69 40
5 40 69 56 76 58 12 15
1 43 39 41
0 49 5
1 42 36 72
1 72 36 42
1 26 12 67
1 67 12 26
1 13 30 47
1 47 30 13
1 36 72 25
9 66 30 61 20 70 75 58 12 15 6 50
8 31 20 70 75 58 55 14 10 39 43
8 43 39 10 14 55 58 75 70 20 31
3 34 5 49 12 15
8 3 65 36 15 12 58 75 63 48 28
8 28 48 63 75 58 12 15 36 65 3
2 32 6 42 45
2 45 42 6 32
5 32 6 15 36 72 25 21
0 17 12
7 16 45 22 36 15 12 58 75 70
7 70 75 58 12 15 36 22 45 16
7 50 6 15 12 58 75 70 20 31
2 29 65 3 44
2 44 3 65 29
5 71 75 58 12 15 36 29
3 1 17 58 75 64
3 64 75 58 17 1
4 20 70 75 58 12 26
4 26 12 58 75 70 20
3 50 6 15 36 65
3 65 36 15 6 50
5 24 65 36 15 12 54 37
5 37 54 12 15 36 65 24
9 9 52 59 70 75 58 12 15 6 50 41
9 41 50 6 15 12 58 75 70 59 52 9
3 39 10 14 76 71
3 71 76 14 10 39
0 3 24
0 24 3
5 52 59 70 71 76 56 69
5 69 56 76 71 70 59 52
8 2 20 70 75 58 12 15 36 65 3
8 3 65 36 15 12 58 75 70 20 2
4 9 52 59 70 20 18
4 18 20 70 59 52 9
4 46 3 65 36 72 25
4 7 18 20 70 64 48
4 48 64 70 20 18 7
2 55 58 12 67
2 67 12 58 55
0 11 77
0 77 11
6 15 12 58 55 14 10 39 43
6 43 39 10 14 55 58 12 15
11 60 41 50 6 15 12 58 75 70 20 61 30 66
11 66 30 61 20 70 75 58 12 15 6 50 41 60
0 20 61
0 61 20
5 2 71 76 14 10 39 43
5 43 39 10 14 76 71 2
2 49 12 15 42
8 3 65 36 15 12 58 55 14 10 39
8 39 10 14 55 58 12 15 36 65 3
6 33 76 58 12 15 36 72 38
6 38 72 36 15 12 58 76 33
1 63 75 70
1 70 75 63
4 75 70 20 61 30 66
0 58 76
0 76 58
1 68 30 66
9 13 30 61 20 70 75 58 12 15 36 65
9 65 36 15 12 58 75 70 20 61 30 13
6 42 15 12 58 75 70 59 51
6 51 59 70 75 58 12 15 42
5 32 1 17 58 75 63 48
5 48 63 75 58 17 1 32
2 37 54 63 75
2 75 63 54 37
0 44 3
4 37 54 63 75 58 55
4 55 58 75 63 54 37
6 68 18 20 70 75 58 12 57
3 67 12 58 75 70
3 70 75 58 12 67
6 51 59 70 75 58 12 15 36
6 31 20 70 75 58 12 15 6
4 74 71 75 58 12 15
10 43 39 10 14 55 58 75 63 54 37 4 8
0 4 37
0 37 4
7 73 4 37 54 63 75 70 20 61
2 64 75 58 12
5 79 18 20 70 64 48 28
3 77 16 41 39 40
1 78 4 28
0 8 34
0 34 8
1 22 65 3
5 36 15 12 58 75 70 59
5 59 70 75 58 12 15 36
0 58 55
2 67 12 58 76
2 76 58 12 67
1 76 56 69
8 31 20 70 75 58 12 15 36 29 27
4 74 71 75 58 12 57
9 41 50 6 15 12 58 75 70 20 18 68
9 68 18 20 70 75 58 12 15 6 50 41
0 16 77
0 77 16
5 56 76 71 70 59 52 9
3 57 1 14 10 39
3 20 70 75 58 55
3 55 58 75 70 20
11 66 30 61 20 70 75 58 12 15 36 22 45 16
4 47 71 75 58 12 15
3 76 58 75 63 54
3 48 63 75 58 17
2 56 10 41 35
1 27 29 65
1 65 29 27
3 10 32 6 42 45
3 45 42 6 32 10
6 61 20 70 75 58 12 49 5
8 34 5 49 12 58 55 14 10 39 43
8 43 39 10 14 55 58 12 49 5 34
2 63 75 70 59
4 51 59 70 71 76 56
4 56 76 71 70 59 51
4 47 71 75 58 12 67
4 67 12 58 75 71 47
7 52 59 70 75 58 12 15 36 22
6 27 29 36 15 6 50 41 60
6 60 41 50 6 15 36 29 27
9 13 30 61 20 70 75 63 54 37 4 78
9 78 4 37 54 63 75 70 20 61 30 13
10 35 41 50 6 15 12 58 75 70 20 61 30
5 46 3 65 36 15 57 1
1 45 16 41
4 6 15 36 65 3 44
4 44 3 65 36 15 6
6 9 52 59 70 20 61 30 13
6 13 30 61 20 70 59 52 9
7 79 18 20 70 75 58 12 15 36
9 78 4 37 54 63 75 58 76 56 69 40
6 80 5 49 12 58 55 14 10
4 76 58 12 15 36 65
2 4 28 48 59
2 59 48 28 4
10 44 3 65 36 15 12 58 75 70 20 18 7
3 66 74 76 14 10
1 25 5 37
1 37 5 25
3 63 75 70 59 51
4 16 45 22 65 29 27
4 27 29 65 22 45 16
3 48 64 70 20 2
3 57 15 36 22 45
4 34 5 49 12 58 53
4 53 58 12 49 5 34
4 5 49 12 58 75 71
4 71 75 58 12 49 5
2 16 50 32 14
7 4 37 54 12 15 36 65 3 46
7 46 3 65 36 15 12 54 37 4
3 1 17 58 76 33
3 33 76 58 17 1
4 5 49 12 57 1 32
4 32 1 57 12 49 5
2 42 15 57 1
5 17 12 15 36 22 11 77
5 77 11 22 36 15 12 17
3 11 45 16 41 60
3 60 41 16 45 11
5 3 65 36 15 12 58 76
5 76 58 12 15 36 65 3
7 69 56 76 58 12 15 36 29 27
6 64 75 58 12 15 36 65 3
7 29 36 15 12 58 75 70 20 31
7 31 20 70 75 58 12 15 36 29
8 30 61 20 70 75 58 12 15 36 29
6 33 76 58 12 15 36 72 38
6 38 72 36 15 12 58 76 33
7 73 4 37 54 63 75 70 20 18
8 10 14 55 58 75 63 54 37 4 78
8 78 4 37 54 63 75 58 55 14 10
6 9 52 59 70 75 58 12 57
6 57 12 58 75 70 59 52 9
10 43 39 10 14 55 58 12 15 36 65 3 44
10 44 3 65 36 15 12 58 55 14 10 39 43
2 23 54 63 75
2 75 63 54 23
2 76 71 70 59
4 26 12 58 76 56 69
4 69 56 76 58 12 26
1 11 22 42
1 42 22 11
3 65 36 72 25 21
6 21 25 67 12 58 75 70 20
7 48 63 75 58 12 15 6 50 41
9 46 3 65 36 15 12 58 75 70 20 31
5 76 58 12 15 36 29 27
1 62 5 25
6 55 58 12 15 36 65 3 46
2 14 76 71 47
2 47 71 76 14
2 63 75 58 55
4 76 58 75 63 54 23
1 31 20 70
1 70 20 31
6 18 20 70 75 58 12 49 5
4 64 70 20 61 30 13
4 64 75 58 55 14 10
0 33 74
0 74 33
7 51 59 70 75 58 12 15 6 50
7 47 71 75 58 12 15 36 65 24
1 69 56 14
11 16 45 22 36 15 12 58 75 70 20 61 30 66
11 66 30 61 20 70 75 58 12 15 36 22 45 16
0 45 11
0 12 58
0 58 12
7 67 12 58 75 70 20 61 30 66
2 23 37 5 80
2 80 5 37 23
4 65 36 15 12 54 37
5 54 12 15 6 50 41 60
5 60 41 50 6 15 12 54
1 12 54 37
1 37 54 12
3 50 6 15 36 29
3 41 32 14 76 33
2 42 36 65 24
4 74 71 75 58 12 26
1 50 16 77
1 77 16 50
6 75 58 12 15 36 22 45 16
4 20 70 75 58 12 15
5 61 20 70 75 58 12 67
5 67 12 58 75 70 20 61
4 1 57 15 36 72 25
4 25 72 36 15 57 1
8 78 4 37 54 12 15 36 65 3 44
9 2 20 70 75 58 12 15 36 22 45 16
9 16 45 22 36 15 12 58 75 70 20 2
6 62 37 54 63 75 58 76 56
4 16 45 22 65 3 46
4 46 3 65 22 45 16
9 13 30 61 20 70 75 58 12 67 25 21
9 21 25 67 12 58 75 70 20 61 30 13
3 25 72 36 65 24
1 57 12 26
7 52 59 70 75 58 12 15 6 50
0 11 45
0 45 11
2 25 5 37 4
0 71 74
0 74 71
4 80 5 25 72 36 65
1 41 50 19
4 80 5 25 72 36 22
4 38 72 36 15 6 32
8 78 4 37 54 12 15 6 50 41 35
3 27 72 25 5 80
3 80 5 25 72 27
6 50 6 15 12 54 37 4 8
0 55 17
4 53 58 12 15 42 19
2 70 20 61 30
5 42 15 12 54 37 4 78
5 78 4 37 54 12 15 42
10 7 18 20 70 75 58 12 15 36 65 3 46
10 46 3 65 36 15 12 58 75 70 20 18 7
3 47 71 75 58 17
7 10 14 55 58 12 15 36 65 24
7 24 65 36 15 12 58 55 14 10
5 21 25 72 36 15 6 32
5 32 6 15 36 72 25 21
3 17 58 75 70 20
3 20 70 75 58 17
4 49 12 58 55 14 10
5 71 75 58 12 49 5 80
5 80 5 49 12 58 75 71
7 63 75 58 12 15 6 50 41 60
9 31 20 70 75 58 12 15 6 50 41 60
9 60 41 50 6 15 12 58 75 70 20 31
1 14 1 57
1 57 1 14
2 11 22 36 15
2 15 36 22 11
6 17 58 75 70 20 61 30 66
6 66 30 61 20 70 75 58 17
5 64 75 58 12 67 25 21
2 36 72 25 5
6 50 6 15 12 54 37 4 78
6 78 4 37 54 12 15 6 50
4 2 20 70 59 52 9
4 9 52 59 70 20 2
2 75 58 17 1
2 25 5 37 4
3 24 65 22 11 77
3 77 11 22 65 24
8 68 18 20 70 75 58 12 15 36 72
8 72 36 15 12 58 75 70 20 18 68
2 49 12 15 36
1 33 74 71
1 71 74 33
3 35 41 50 6 15
2 50 6 57 17
2 75 58 12 15
0 25 5
7 61 20 70 75 63 54 37 4 73
7 73 4 37 54 63 75 70 20 61
2 22 65 3 44
2 44 3 65 22
1 14 55 58
1 58 55 14
3 80 5 49 12 15
8 7 18 20 70 75 58 12 49 5 34
8 34 5 49 12 58 75 70 20 18 7
5 23 54 63 75 58 17 1
0 34 80
0 80 34
7 36 15 12 58 75 70 59 52 9
4 76 58 75 63 54 23
5 32 6 15 36 65 3 44
5 44 3 65 36 15 6 32
3 58 12 15 36 65
3 65 36 15 12 58
11 66 30 61 20 70 75 58 12 15 36 65 3 44
10 79 18 20 70 75 58 12 15 6 50 41 35
1 12 67 25
1 25 67 12
4 49 12 58 76 56 69
4 69 56 76 58 12 49
8 61 20 70 75 58 12 15 36 65 3
5 25 67 12 58 75 71 74
5 74 71 75 58 12 67 25
6 60 41 50 6 15 36 72 25
10 41 50 6 15 12 58 75 70 20 61 30 66
10 66 30 61 20 70 75 58 12 15 6 50 41
1 58 75 63
1 63 75 58
8 18 20 70 75 58 55 14 10 39 43
8 43 39 10 14 55 58 75 70 20 18
1 62 37 54
7 3 65 36 15 12 58 55 14 10
7 10 14 55 58 12 15 36 65 3
4 76 58 12 49 5 34
3 5 49 12 15 6
3 6 15 12 49 5
5 50 6 15 12 58 75 71
5 71 75 58 12 15 6 50
3 25 72 36 22 45
3 45 22 36 72 25
1 25 49 26
1 26 49 25
4 33 76 58 12 15 6
9 7 18 20 70 75 58 12 15 36 22 45
9 45 22 36 15 12 58 75 70 20 18 7
4 9 52 59 70 75 63
4 63 75 70 59 52 9
2 71 20 18 68
7 39 10 14 55 58 75 70 20 31
5 6 15 12 58 75 63 48
5 48 63 75 58 12 15 6
5 45 22 36 15 12 54 23
2 42 36 29 27
9 28 48 63 75 58 12 15 36 65 3 44
9 44 3 65 36 15 12 58 75 63 48 28
4 68 18 20 71 76 56
8 30 61 20 70 75 58 12 15 36 72
8 72 36 15 12 58 75 70 20 61 30
1 61 18 79
1 79 18 61
8 62 37 54 63 75 70 20 61 30 13
7 31 20 70 75 58 55 14 10 39
7 39 10 14 55 58 75 70 20 31
3 57 12 58 76 56
0 16 41
0 41 16
9 13 30 61 20 70 75 58 12 15 36 22
9 22 36 15 12 58 75 70 20 61 30 13
4 6 15 36 72 25 21
4 21 25 72 36 15 6
6 36 15 12 58 75 63 48 28
5 41 50 6 15 12 58 75
5 75 58 12 15 6 50 41
5 58 75 63 54 37 4 78
5 78 4 37 54 63 75 58
0 42 22
6 52 59 70 75 58 12 15 36
6 79 18 20 70 75 58 12 67
4 55 58 75 63 48 28
2 11 22 36 67
2 67 36 22 11
6 59 70 75 58 12 15 36 72
6 72 36 15 12 58 75 70 59
5 79 18 20 70 59 52 9
1 62 80 8
0 16 77
0 77 16
6 48 63 75 58 12 15 36 29
4 50 6 15 12 49 5
0 1 6
0 6 1
0 32 41
0 41 32
0 32 41
0 41 32
1 38 72 25
4 63 75 58 12 15 42
2 60 41 32 14
2 41 16 45 11
1 33 74 47
1 47 74 33
6 70 75 58 55 14 10 39 43
4 33 74 71 75 63 48
4 48 63 75 71 74 33
3 66 30 61 20 31
1 9 28 48
1 48 28 9
6 38 72 36 15 12 58 76 56
6 56 76 58 12 15 36 72 38
5 76 58 12 15 36 72 38
2 36 65 3 46
2 46 3 65 36
3 42 15 12 54 37
4 3 65 36 15 12 26
4 26 12 15 36 65 3
9 29 36 15 12 58 75 70 20 61 30 66
9 66 30 61 20 70 75 58 12 15 36 29
9 66 30 61 20 70 75 58 12 15 42 19
6 10 14 55 58 12 49 5 80
6 80 5 49 12 58 55 14 10
5 60 41 50 6 15 36 22
4 14 55 58 75 70 20
4 20 70 75 58 55 14
8 32 1 17 58 75 63 54 37 4 78
8 78 4 37 54 63 75 58 17 1 32
9 66 30 61 20 70 75 58 12 67 25 21
5 40 69 56 76 71 20 18
0 21 25
0 25 21
7 80 5 49 12 58 75 70 20 61
5 72 36 15 12 58 75 70
7 59 70 75 58 12 15 36 65 24
6 65 36 15 12 58 75 70 20
2 60 41 50 19
8 77 11 22 36 15 12 54 37 4 8
2 4 37 54 63
2 63 54 37 4
4 26 12 15 36 22 45
4 45 22 36 15 12 26
4 14 55 58 12 49 5
10 66 30 61 20 70 75 58 12 15 36 29 27
3 56 76 58 12 49
7 56 76 58 75 63 54 37 4 73
7 73 4 37 54 63 75 58 76 56
1 22 36 15
5 42 15 12 58 75 71 74
5 74 71 75 58 12 15 42
6 72 36 15 12 58 75 71 74
6 74 71 75 58 12 15 36 72
4 6 15 12 58 75 63
4 63 75 58 12 15 6
3 63 54 37 4 73
3 73 4 37 54 63
8 2 20 70 75 58 12 15 6 50 41
8 41 50 6 15 12 58 75 70 20 2
9 16 45 22 36 15 12 58 75 70 20 18
9 18 20 70 75 58 12 15 36 22 45 16
1 12 58 75
1 75 58 12
3 36 15 6 50 41
3 41 50 6 15 36
7 35 41 50 6 15 12 58 75 71
7 71 75 58 12 15 6 50 41 35
1 23 54 12
2 49 12 58 53
2 53 58 12 49
2 15 36 65 24
2 24 65 36 15
2 49 12 58 75
2 75 58 12 49
6 37 54 63 75 58 55 14 10
5 68 18 20 70 64 48 28
3 3 65 36 72 25
3 25 72 36 65 3
2 42 15 12 17
1 17 58 76
1 76 58 17
5 9 52 59 70 71 74 33
5 33 74 71 70 59 52 9
6 13 30 61 20 70 75 58 53
6 53 58 75 70 20 61 30 13
4 59 70 75 58 17 1
3 71 75 58 12 67
1 57 12 58
1 58 12 57
2 54 12 67 25
0 31 20
1 80 62 4
5 42 15 12 58 75 63 48
5 48 63 75 58 12 15 42
8 78 4 37 54 63 75 70 20 61 30
2 10 14 55 17
2 17 55 14 10
10 9 52 59 70 75 58 12 15 36 65 3 44
10 44 3 65 36 15 12 58 75 70 59 52 9
0 41 50
0 50 41
6 13 30 61 20 70 59 52 9
6 77 11 22 36 15 12 58 53
2 41 50 6 42
2 42 6 50 41
5 25 67 12 58 75 70 20
5 42 15 12 58 76 56 69
5 69 56 76 58 12 15 42
6 7 18 20 71 76 56 69 40
6 40 69 56 76 71 20 18 7
8 42 15 12 58 75 70 20 61 30 13
6 64 75 58 12 15 36 65 24
1 32 50 16
1 27 72 25
3 15 12 58 76 56
3 56 76 58 12 15
4 54 12 15 36 65 24
6 24 65 36 15 12 54 37 62
6 62 37 54 12 15 36 65 24
8 20 70 75 58 12 15 36 22 45 16
4 64 75 58 17 1 32
6 24 65 36 15 6 50 41 60
6 60 41 50 6 15 36 65 24
5 4 37 54 63 75 58 17
5 17 58 75 63 54 37 4
7 21 25 67 12 58 75 70 20 61
7 61 20 70 75 58 12 67 25 21
4 36 15 12 58 55 14
1 1 6 19
1 19 6 1
8 30 61 20 70 75 63 54 37 4 8
5 11 22 36 15 12 54 23
5 23 54 12 15 36 22 11
3 52 59 70 71 74
3 74 71 70 59 52
0 46 3
5 41 50 6 15 36 65 24
2 60 41 10 56
7 31 20 70 75 58 12 15 36 65
7 65 36 15 12 58 75 70 20 31
5 79 18 20 70 75 63 54
1 47 61 18
1 21 5 62
1 62 5 21
2 1 17 58 76
2 76 58 17 1
1 73 4 37
2 12 58 55 14
2 14 55 58 12
6 49 12 58 75 70 20 18 79
6 79 18 20 70 75 58 12 49
4 59 70 75 58 12 49
5 18 20 71 76 56 69 40
5 40 69 56 76 71 20 18
1 8 4 28
1 28 4 8
5 62 37 54 63 75 70 59
5 53 58 12 15 36 29 27
6 2 20 70 75 58 12 67 25
6 25 67 12 58 75 70 20 2
1 69 10 32
8 9 52 59 70 75 58 12 15 42 19
8 19 42 15 12 58 75 70 59 52 9
6 37 54 63 75 70 20 18 7
6 69 56 76 71 70 59 52 9
8 68 18 20 70 75 58 12 67 25 21
6 5 49 12 58 75 70 20 61
6 61 20 70 75 58 12 49 5
4 57 12 58 75 63 48
1 26 49 25
5 47 71 75 58 12 15 36
5 26 12 15 36 22 45 16
4 76 58 12 15 36 65
2 75 58 12 57
8 44 3 65 36 15 12 58 75 71 47
8 47 71 75 58 12 15 36 65 3 44
7 36 15 12 58 75 70 59 52 9
1 12 54 37
1 37 54 12
2 33 76 14 32
6 21 25 72 36 15 6 50 41
6 41 50 6 15 36 72 25 21
5 51 59 70 75 58 12 57
5 57 12 58 75 70 59 51
5 80 5 49 12 58 75 71
7 66 30 61 20 70 75 58 12 67
7 67 12 58 75 70 20 61 30 66
0 11 22
0 22 11
0 79 68
0 69 56
7 44 3 65 36 15 6 50 41 35
3 12 58 76 56 69
3 69 56 76 58 12
1 50 41 39
4 6 15 36 65 3 44
4 44 3 65 36 15 6
4 47 71 75 58 17 1
5 43 39 10 14 76 71 2
7 9 52 59 70 75 58 12 15 6
5 71 75 63 54 37 4 73
5 73 4 37 54 63 75 71
3 38 72 36 22 11
7 65 36 15 12 58 76 56 69 40
3 67 12 58 75 64
7 30 61 20 70 75 63 54 37 4
2 3 65 36 72
2 72 36 65 3
4 25 72 36 15 57 1
6 11 22 36 15 12 58 55 14
6 14 55 58 12 15 36 22 11
5 9 52 59 70 75 58 55
5 55 58 75 70 59 52 9
6 80 5 49 12 58 75 70 20
2 75 70 20 2
6 10 14 55 58 12 49 5 80
6 80 5 49 12 58 55 14 10
7 77 11 22 36 15 12 58 76 56
7 80 5 49 12 58 55 14 10 39
3 58 76 56 69 40
6 77 11 22 36 72 25 5 80
6 80 5 25 72 36 22 11 77
5 64 75 58 12 49 5 34
4 10 14 55 58 12 49
4 49 12 58 55 14 10
6 25 67 12 58 75 63 48 28
6 28 48 63 75 58 12 67 25
4 64 75 58 12 15 6
4 64 70 20 61 30 66
4 66 30 61 20 70 64
8 77 11 22 36 15 12 54 37 4 8
6 19 42 15 12 54 37 4 8
5 53 58 12 15 36 29 27
4 14 55 58 12 49 5
9 78 4 37 54 63 75 58 76 56 69 40
7 6 15 12 58 75 70 20 18 7
7 7 18 20 70 75 58 12 15 6
7 40 69 56 76 58 12 49 5 34
4 62 37 54 63 75 71
4 71 75 63 54 37 62
5 73 4 37 54 63 75 71
5 63 75 58 12 67 25 21
7 70 75 58 12 15 36 65 3 46
4 54 63 75 70 20 31
6 14 55 58 75 70 20 61 30
6 30 61 20 70 75 58 55 14
3 59 48 28 4 78
3 78 4 28 48 59
3 35 41 50 6 42
3 42 6 50 41 35
5 15 12 58 75 70 20 31
5 31 20 70 75 58 12 15
3 1 17 58 76 33
3 33 76 58 17 1
4 70 75 58 12 15 6
7 59 70 75 58 12 15 36 65 3
0 10 56
0 56 10
5 43 39 10 14 76 71 47
5 47 71 76 14 10 39 43
1 62 5 34
4 80 5 49 12 58 76
6 56 76 58 12 15 36 65 24
10 66 30 61 20 70 75 58 12 15 36 72 38
7 44 3 65 36 15 12 58 76 56
7 56 76 58 12 15 36 65 3 44
2 4 37 26 49
2 49 26 37 4
2 6 15 12 49
2 49 12 15 6
8 78 4 37 54 12 15 36 22 45 16
8 78 4 37 54 63 75 58 17 1 32
6 9 52 59 70 20 61 30 13
6 13 30 61 20 70 59 52 9
0 15 42
0 42 15
6 45 22 36 15 12 54 37 4
7 47 71 75 58 12 15 36 65 24
9 39 10 14 55 58 75 63 54 37 4 8
3 31 20 71 74 33
3 33 74 71 20 31
8 6 15 12 58 75 70 20 61 30 13
8 13 30 61 20 70 75 58 12 15 6
5 18 20 70 75 63 54 37
5 37 54 63 75 70 20 18
2 8 80 5 25
2 25 5 80 8
6 61 20 70 75 58 12 67 25
3 63 75 58 76 56
6 32 1 17 58 75 70 20 18
3 57 12 58 75 70
3 70 75 58 12 57
4 18 20 70 75 63 54
4 54 63 75 70 20 18
5 5 25 72 36 22 45 16
5 16 45 22 36 72 25 5
4 38 72 36 65 3 46
4 46 3 65 36 72 38
7 60 41 50 6 15 12 54 37 4
9 7 18 20 70 75 58 12 15 36 65 24
9 24 65 36 15 12 58 75 70 20 18 7
6 39 10 14 55 58 12 49 5
10 79 18 20 70 75 58 12 15 36 22 11 77
10 44 3 65 36 15 12 58 75 70 20 61 30
5 61 20 70 75 58 17 1
0 74 30
5 37 54 63 75 71 74 33
2 55 58 12 49
4 57 12 58 76 56 69
4 69 56 76 58 12 57
2 57 6 50 41
6 38 72 36 15 12 58 76 33
5 30 61 20 70 75 58 55
5 55 58 75 70 20 61 30
1 38 21 34
2 22 65 29 27
2 27 29 65 22
5 31 20 70 75 58 17 1
5 30 61 20 71 76 56 69
5 69 56 76 71 20 61 30
4 57 12 58 76 56 69
4 69 56 76 58 12 57
7 25 67 12 58 75 70 20 18 7
3 17 58 75 70 20
3 20 70 75 58 17
0 68 30
2 20 61 30 13
1 59 52 9
1 45 22 65
1 65 22 45
1 57 12 54
4 53 58 12 15 36 65
4 65 36 15 12 58 53
0 14 10
6 49 12 58 55 14 10 39 43
5 17 58 75 70 20 18 7
2 28 48 64 70
2 70 64 48 28
1 65 22 11
3 71 75 58 12 15
2 35 41 10 56
2 56 10 41 35
5 37 54 12 15 36 65 3
3 75 58 12 67 25
3 64 75 58 12 15
1 69 40 43
6 55 58 75 70 20 61 30 66
6 66 30 61 20 70 75 58 55
2 59 70 75 63
2 63 75 70 59
5 39 10 14 55 58 75 64
5 64 75 58 55 14 10 39
1 48 28 4
8 73 4 37 54 12 15 36 22 45 16
7 78 4 37 54 12 15 6 50 41
1 54 12 57
1 57 12 54
7 31 20 70 75 58 55 14 10 39
7 39 10 14 55 58 75 70 20 31
2 67 12 58 53
4 53 58 75 70 20 18
8 3 65 36 15 12 58 55 14 10 39
8 39 10 14 55 58 12 15 36 65 3
9 73 4 37 54 63 75 58 55 14 10 39
1 41 50 19
2 15 36 72 25
2 25 72 36 15
5 65 36 15 12 54 37 4
2 19 50 41 39
2 39 41 50 19
6 69 56 76 58 12 15 36 29
6 22 36 15 12 58 75 70 59
6 59 70 75 58 12 15 36 22
3 12 58 76 56 69
3 69 56 76 58 12
5 14 55 58 75 63 54 37
5 37 54 63 75 58 55 14
1 36 22 11
2 77 16 41 10
4 67 12 58 75 70 59
5 48 63 75 58 12 15 6
3 31 20 70 59 52
3 52 59 70 20 31
2 55 58 76 33
5 42 15 12 58 75 71 47
5 47 71 75 58 12 15 42
5 24 65 36 72 25 5 34
5 34 5 25 72 36 65 24
2 65 36 72 38
1 10 32 50
1 50 32 10
8 73 4 37 54 12 15 6 50 41 60
5 40 69 56 76 71 20 61
5 61 20 71 76 56 69 40
4 9 52 59 70 20 61
4 61 20 70 59 52 9
2 71 70 59 52
6 1 17 58 75 63 54 37 4
6 4 37 54 63 75 58 17 1
1 8 4 37
1 37 4 8
5 14 55 58 75 63 54 37
5 37 54 63 75 58 55 14
7 78 4 37 54 63 75 71 74 33
3 15 36 22 11 77
3 77 11 22 36 15
5 70 75 63 54 37 4 78
5 78 4 37 54 63 75 70
6 80 5 25 72 36 65 3 44
6 62 37 54 12 15 6 50 41
3 42 15 12 49 5
1 26 12 58
1 58 12 26
3 75 58 12 15 36
4 59 70 75 58 12 67
4 67 12 58 75 70 59
1 15 42 19
1 19 42 15
4 80 5 49 12 58 55
2 79 18 20 70
4 27 29 36 15 6 32
4 32 6 15 36 29 27
6 74 71 75 58 12 49 5 34
6 20 70 75 58 55 14 10 39
6 39 10 14 55 58 75 70 20
3 22 36 15 12 17
3 71 75 63 54 37
2 45 16 41 60
2 60 41 16 45
6 34 5 25 72 36 65 3 44
6 44 3 65 36 72 25 5 34
3 55 58 75 71 47
2 36 22 45 16
3 52 59 70 20 61
3 61 20 70 59 52
8 74 71 75 58 12 15 36 65 3 46
0 48 52
0 52 48
1 64 75 63
1 70 75 63
6 69 56 76 58 12 67 25 21
2 53 58 12 15
2 52 28 4 78
2 78 4 28 52
3 1 17 58 75 71
3 71 75 58 17 1
0 36 22
8 39 10 14 55 58 12 15 36 29 27
1 10 41 35
1 35 41 10
5 38 72 36 15 12 58 75
5 75 58 12 15 36 72 38
7 78 4 37 54 12 15 36 22 45
1 42 36 65
1 65 36 42
2 60 41 16 45
4 45 22 36 72 25 5
8 10 14 55 58 75 70 20 61 30 13
8 13 30 61 20 70 75 58 55 14 10
7 9 52 59 70 75 58 12 67 25
7 25 67 12 58 75 70 59 52 9
9 27 29 36 15 12 58 75 70 20 61 30
9 30 61 20 70 75 58 12 15 36 29 27
6 8 4 37 54 63 75 71 47
6 47 71 75 63 54 37 4 8
4 2 20 70 75 58 12
4 12 58 75 70 20 2
0 14 53
0 53 14
6 9 52 59 70 75 58 55 14
6 14 55 58 75 70 59 52 9
1 75 58 76
1 76 58 75
1 67 36 65
1 22 65 29
1 29 65 22
2 19 42 15 12
0 23 48
0 48 23
8 8 4 37 54 12 15 36 22 45 16
8 16 45 22 36 15 12 54 37 4 8
2 32 6 15 67
2 67 15 6 32
5 60 41 50 6 15 36 29
4 24 65 36 72 25 21
5 73 4 37 54 63 75 64
4 46 3 65 36 42 19
8 13 30 61 20 70 75 58 12 49 5
1 17 12 15
10 16 45 22 36 15 12 58 75 70 20 61 30
10 30 61 20 70 75 58 12 15 36 22 45 16
5 19 42 15 12 58 76 56
5 56 76 58 12 15 42 19
6 75 58 12 15 36 65 3 46
6 51 59 70 75 63 54 37 62
6 62 37 54 63 75 70 59 51
1 62 5 25
2 10 14 76 33
2 33 76 14 10
3 68 18 20 70 64
4 80 5 49 12 58 75
5 80 5 49 12 57 1 32
4 13 30 61 20 70 59
4 59 70 20 61 30 13
5 12 58 75 70 20 18 68
5 68 18 20 70 75 58 12
1 80 62 4
9 51 59 70 75 58 12 15 36 22 11 77
9 77 11 22 36 15 12 58 75 70 59 51
2 54 63 75 64
2 64 75 63 54
3 1 17 58 75 70
3 70 75 58 17 1
4 30 61 20 70 64 48
4 48 64 70 20 61 30
6 20 70 75 58 12 49 5 80
6 80 5 49 12 58 75 70 20
0 55 14
4 77 11 22 36 15 57
7 27 29 36 15 12 58 75 70 59
7 59 70 75 58 12 15 36 29 27
6 1 17 58 75 70 20 18 68
6 68 18 20 70 75 58 17 1
7 11 22 36 15 12 58 75 70 20
7 20 70 75 58 12 15 36 22 11
6 52 59 70 75 58 12 15 42
6 14 55 58 12 15 36 65 3
1 25 72 27
1 27 72 25
6 61 20 70 75 58 12 15 36
2 14 55 58 12
3 39 10 14 55 17
4 40 69 56 76 58 12
2 32 10 69 40
2 40 69 10 32
0 2 61
0 61 2
7 39 10 14 55 58 12 67 25 21
6 12 58 75 70 20 61 30 13
6 13 30 61 20 70 75 58 12
6 66 30 61 20 70 59 52 9
3 70 20 61 30 13
1 67 36 22
3 32 6 15 36 29
2 42 36 65 3
2 70 20 18 7
2 5 49 12 15
2 15 12 49 5
7 65 36 15 12 58 75 70 20 18
7 50 6 15 12 58 75 70 20 31
4 61 20 70 59 52 9
6 47 71 75 58 12 67 25 21
2 52 28 4 78
2 78 4 28 52
3 60 41 32 14 53
6 10 14 55 58 75 70 59 51
6 51 59 70 75 58 55 14 10
0 25 21
6 63 75 58 55 14 10 39 43
5 29 36 15 12 54 37 4
2 7 18 61 47
2 47 61 18 7
4 58 12 15 36 72 38
4 75 58 12 15 42 19
2 41 32 1 17
4 25 72 36 22 11 77
4 77 11 22 36 72 25
6 31 20 70 75 58 12 15 42
6 42 15 12 58 75 70 20 31
5 46 3 65 36 15 6 32
0 72 27
0 72 38
8 47 71 75 58 12 15 36 65 3 44
5 35 41 50 6 15 12 58
5 58 12 15 6 50 41 35
8 48 63 75 58 12 15 36 65 3 44
6 28 48 63 75 58 12 67 25
2 16 41 39 43
2 43 39 41 16
2 67 36 22 45
3 78 4 37 5 25
5 11 22 36 15 12 58 55
5 55 58 12 15 36 22 11
3 62 5 25 72 38
2 25 67 12 54
2 54 12 67 25
3 54 12 15 6 50
6 51 59 70 75 58 12 15 36
1 11 45 16
1 16 45 11
2 67 49 5 34
7 74 71 75 58 12 15 36 22 11
3 71 76 56 69 40
0 6 57
0 57 6
4 18 20 70 75 58 53
4 53 58 75 70 20 18
9 52 59 70 75 58 12 15 36 22 11 77
9 77 11 22 36 15 12 58 75 70 59 52
1 29 36 67
1 67 36 29
4 39 10 14 76 71 47
4 47 71 76 14 10 39
1 63 54 37
0 71 74
0 74 71
3 43 39 10 14 53
3 53 14 10 39 43
4 63 75 70 20 18 68
4 68 18 20 70 75 63
6 26 12 58 75 70 20 18 68
6 68 18 20 70 75 58 12 26
6 69 56 76 58 75 63 48 28
5 23 54 63 75 70 20 31
5 31 20 70 75 63 54 23
2 76 14 32 41
5 64 75 58 12 67 25 21
4 51 59 70 75 63 54
4 54 63 75 70 59 51
3 61 20 71 76 56
2 61 30 74 33
6 26 12 58 75 70 59 52 9
2 19 6 57 17
2 56 76 71 2
2 5 37 4 78
2 78 4 37 5
7 27 29 36 15 12 58 75 71 47
7 47 71 75 58 12 15 36 29 27
0 50 41
2 34 8 4 28
7 28 48 63 75 58 12 15 36 22
2 7 18 61 2
7 52 59 70 75 58 12 49 5 34
3 42 6 50 41 35
5 55 58 12 15 36 22 45
5 40 69 56 76 58 12 67
5 67 12 58 76 56 69 40
7 52 59 70 75 58 12 67 25 21
7 16 45 22 36 15 12 58 75 64
7 64 75 58 12 15 36 22 45 16
2 53 14 32 41
7 73 4 37 54 12 15 36 65 24
2 9 4 62 80
2 80 62 4 9
8 25 67 12 58 75 70 20 61 30 13
3 77 11 22 65 3
10 60 41 50 6 15 12 58 75 70 20 18 79
10 79 18 20 70 75 58 12 15 6 50 41 60
3 43 39 41 16 45
3 45 16 41 39 43
1 58 75 70
1 70 75 58
3 67 12 58 75 64
3 23 54 63 75 70
3 70 75 63 54 23
5 50 6 15 12 58 75 64
5 64 75 58 12 15 6 50
3 57 15 36 65 24
1 60 41 16
0 10 32
0 32 10
5 69 56 76 58 12 67 25
4 15 12 54 37 4 73
4 73 4 37 54 12 15
3 17 55 14 10 39
3 39 10 14 55 17
5 16 45 22 36 15 12 26
5 26 12 15 36 22 45 16
5 70 75 58 12 15 36 72
5 72 36 15 12 58 75 70
5 70 75 58 12 15 42 19
4 74 71 75 58 12 49
5 17 58 75 70 20 18 68
5 68 18 20 70 75 58 17
3 14 55 58 12 26
3 26 12 58 55 14
7 9 52 59 70 75 58 17 1 32
7 32 1 17 58 75 70 59 52 9
4 9 52 59 70 20 31
4 31 20 70 59 52 9
3 21 25 67 12 58
3 58 12 67 25 21
6 47 71 75 58 12 15 36 29
3 33 76 58 12 26
8 77 11 22 36 15 12 58 75 71 74
2 57 15 36 65
2 65 36 15 57
4 50 6 15 36 65 24
1 57 15 67
1 67 15 57
7 14 55 58 75 63 54 37 4 73
7 73 4 37 54 63 75 58 55 14
7 44 3 65 36 15 12 54 37 4
7 16 45 22 36 15 12 58 76 33
7 33 76 58 12 15 36 22 45 16
5 54 63 75 58 55 14 10
4 34 5 25 72 36 22
6 29 36 15 12 58 75 71 47
6 47 71 75 58 12 15 36 29
7 47 71 75 58 12 15 36 72 38
5 30 61 20 70 75 58 55
5 55 58 75 70 20 61 30
0 20 2
9 65 36 15 12 58 75 70 20 61 30 66
9 66 30 61 20 70 75 58 12 15 36 65
5 31 20 70 75 58 12 49
5 49 12 58 75 70 20 31
3 12 15 36 29 27
3 27 29 36 15 12
7 43 39 10 14 55 58 75 70 20
5 43 39 10 14 55 58 12
4 75 58 12 15 42 19
5 30 61 20 70 59 52 9
7 43 39 10 14 55 58 12 67 25
8 44 3 65 36 15 12 58 75 70 59
8 59 70 75 58 12 15 36 65 3 44
0 58 17
7 20 70 75 58 55 14 10 39 43
7 43 39 10 14 55 58 75 70 20
5 70 75 58 12 49 5 80
5 80 5 49 12 58 75 70
3 41 50 6 15 36
3 69 56 76 71 70
3 70 71 76 56 69
7 42 15 12 58 75 70 59 52 9
1 71 75 58
3 74 71 75 58 53
5 27 29 36 15 12 54 37
5 37 54 12 15 36 29 27
8 79 18 20 70 75 58 12 67 25 21
2 57 6 50 41
4 32 6 15 36 65 3
2 12 58 55 14
2 14 55 58 12
3 11 22 36 15 6
3 38 72 36 15 6
3 64 70 20 61 47
5 54 12 15 6 50 41 35
9 9 52 59 70 75 58 55 14 10 39 43
9 43 39 10 14 55 58 75 70 59 52 9
5 35 41 50 6 15 12 49
5 49 12 15 6 50 41 35
6 30 61 20 70 75 63 54 23
5 70 75 58 12 15 36 72
5 72 36 15 12 58 75 70
3 31 20 61 30 13
1 49 12 57
1 57 12 49
1 65 29 27
11 13 30 61 20 70 75 58 12 15 36 22 45 16
11 16 45 22 36 15 12 58 75 70 20 61 30 13
6 47 71 75 58 12 67 25 21
8 8 4 37 54 63 75 70 20 18 79
8 79 18 20 70 75 63 54 37 4 8
3 24 65 36 42 19
11 44 3 65 36 15 12 58 75 70 20 61 30 66
11 66 30 61 20 70 75 58 12 15 36 65 3 44
4 25 72 36 15 57 1
8 24 65 36 15 12 58 76 56 69 40
8 40 69 56 76 58 12 15 36 65 24
8 48 63 75 58 12 15 36 22 11 77
8 77 11 22 36 15 12 58 75 63 48
7 27 29 36 15 12 54 37 4 8
7 72 36 15 12 58 75 70 20 61
8 9 52 59 70 75 58 12 67 25 21
8 21 25 67 12 58 75 70 59 52 9
10 35 41 50 6 15 12 58 75 70 20 61 30
9 44 3 65 36 15 12 58 75 70 20 18
8 42 15 12 58 75 70 20 61 30 13
7 74 71 75 58 12 15 36 29 27
8 39 10 14 55 58 12 15 36 72 38
0 42 6
4 11 22 36 15 57 1
8 36 15 12 58 75 70 20 61 30 66
8 66 30 61 20 70 75 58 12 15 36
1 20 18 79
1 79 18 20
5 3 65 36 15 12 58 76
5 76 58 12 15 36 65 3
5 31 20 70 75 58 12 26
6 67 12 58 75 70 20 61 30
6 55 58 75 70 20 61 30 13
4 38 72 36 65 3 46
4 46 3 65 36 72 38
3 25 5 37 4 78
3 78 4 37 5 25
9 18 20 70 75 58 12 15 6 50 41 60
9 60 41 50 6 15 12 58 75 70 20 18
6 27 29 36 15 12 54 37 62
6 62 37 54 12 15 36 29 27
8 77 11 22 36 15 12 58 76 56 69
6 74 71 75 58 12 15 36 22
3 47 61 20 70 64
3 64 70 20 61 47
8 11 22 36 15 12 58 76 56 69 40
8 40 69 56 76 58 12 15 36 22 11
9 40 69 56 76 58 75 63 54 37 4 8
3 38 72 36 22 11
5 38 72 36 15 6 50 41
5 41 50 6 15 36 72 38
7 38 72 36 15 12 58 76 56 69
7 69 56 76 58 12 15 36 72 38
8 66 30 61 20 70 75 58 12 67 25
5 18 20 71 76 56 69 40
5 40 69 56 76 71 20 18
5 69 56 76 71 20 18 7
5 37 54 63 75 58 55 14
3 36 15 12 58 55
3 55 58 12 15 36
3 73 4 37 54 63
2 36 72 25 21
8 3 65 36 15 12 58 75 70 20 61
8 61 20 70 75 58 12 15 36 65 3
4 74 71 75 58 17 1
5 76 58 75 63 54 37 4
4 40 69 56 76 58 17
5 57 12 58 75 70 20 31
0 56 14
1 74 76 14
6 6 15 12 58 75 70 20 31
6 31 20 70 75 58 12 15 6
7 2 20 70 75 58 12 15 36 72
7 72 36 15 12 58 75 70 20 2
0 7 51
0 51 7
2 63 75 58 76
2 76 58 75 63
5 10 14 55 58 75 70 20
5 20 70 75 58 55 14 10
9 9 52 59 70 75 58 12 15 36 22 45
9 45 22 36 15 12 58 75 70 59 52 9
3 26 12 58 76 33
3 33 76 58 12 26
2 59 70 20 61
2 61 20 70 59
6 5 49 12 58 75 70 20 61
6 61 20 70 75 58 12 49 5
0 73 78
0 78 73
0 13 68
0 68 13
4 33 74 71 70 59 52
4 52 59 70 71 74 33
3 36 15 6 50 41
3 41 50 6 15 36
4 35 41 50 6 15 12
5 7 18 20 70 64 48 28
5 28 48 64 70 20 18 7
1 25 67 12
2 10 14 55 58
2 58 55 14 10
3 35 41 32 1 17
9 60 41 50 6 15 12 58 75 70 20 18
3 12 58 76 56 69
3 69 56 76 58 12
5 37 54 63 75 70 59 52
5 52 59 70 75 63 54 37
5 34 5 49 12 58 55 14
1 36 15 12
5 26 12 58 76 56 69 40
5 40 69 56 76 58 12 26
6 25 67 12 58 75 70 20 18
6 69 56 76 58 75 63 54 37
4 37 54 63 75 58 53
4 53 58 75 63 54 37
5 41 50 6 15 36 72 25
6 14 55 58 12 15 36 29 27
6 27 29 36 15 12 58 55 14
5 36 15 12 58 75 70 20
0 54 12
3 31 20 70 75 63
3 63 75 70 20 31
9 21 25 67 12 58 75 70 20 61 30 66
9 66 30 61 20 70 75 58 12 67 25 21
7 31 20 70 75 58 12 49 5 80
7 80 5 49 12 58 75 70 20 31
8 35 41 50 6 15 12 58 75 71 74
8 74 71 75 58 12 15 6 50 41 35
2 21 5 37 23
2 23 37 5 21
1 45 42 6
2 36 15 6 32
5 49 12 58 75 70 20 61
5 61 20 70 75 58 12 49
1 23 4 73
1 73 4 23
9 30 61 20 70 75 58 12 15 36 22 11
8 62 37 54 63 75 70 20 61 30 66
8 66 30 61 20 70 75 63 54 37 62
2 64 75 63 54
6 10 14 55 58 12 15 36 29
6 29 36 15 12 58 55 14 10
6 80 5 25 72 36 22 11 77
3 48 63 75 58 53
3 53 58 75 63 48
6 40 69 56 76 71 20 61 30
0 67 12
6 47 71 75 58 12 15 6 50
6 50 6 15 12 58 75 71 47
1 12 57 1
6 43 39 10 14 55 58 75 64
6 64 75 58 55 14 10 39 43
7 23 54 63 75 58 76 56 69 40
7 40 69 56 76 58 75 63 54 23
0 69 10
3 71 75 63 54 37
7 70 75 58 12 15 36 65 3 46
5 62 37 54 12 15 42 19
2 56 10 39 43
3 37 54 63 75 71
3 71 75 63 54 37
8 16 45 22 36 15 12 54 37 4 78
8 78 4 37 54 12 15 36 22 45 16
6 19 42 15 12 58 75 71 47
6 47 71 75 58 12 15 42 19
2 75 70 20 18
9 19 42 15 12 58 75 70 20 61 30 66
9 66 30 61 20 70 75 58 12 15 42 19
1 48 54 37
8 78 4 37 54 12 15 36 65 3 46
1 6 50 41
1 41 50 6
4 47 71 75 58 17 1
4 24 65 36 72 25 21
9 40 69 56 76 58 12 15 36 65 3 44
9 44 3 65 36 15 12 58 76 56 69 40
6 31 20 70 75 63 54 37 62
6 62 37 54 63 75 70 20 31
5 32 1 17 58 75 70 20
10 27 29 36 15 12 58 75 70 20 61 30 13
7 71 75 58 12 15 6 50 41 35
9 7 18 20 70 75 58 12 15 36 29 27
9 27 29 36 15 12 58 75 70 20 18 7
2 25 67 12 54
2 54 12 67 25
0 56 76
0 76 56
6 20 70 75 58 12 15 6 50
6 50 6 15 12 58 75 70 20
3 13 30 61 20 70
3 70 20 61 30 13
5 68 18 20 70 75 58 12
1 27 29 65
1 65 29 27
1 58 75 64
1 64 75 58
3 57 12 58 76 56
4 64 75 58 17 1 32
1 76 58 55
0 75 58
0 37 26
6 30 61 20 70 75 58 12 15
0 71 20
5 49 12 15 36 22 11 77
5 77 11 22 36 15 12 49
2 78 4 37 26
5 3 65 36 15 12 58 53
5 53 58 12 15 36 65 3
3 21 25 72 36 22
3 22 36 72 25 21
4 55 58 12 15 36 65
4 65 36 15 12 58 55
1 12 15 42
1 42 15 12
5 29 36 15 12 58 75 70
5 70 75 58 12 15 36 29
2 58 12 15 6
8 5 49 12 58 75 70 20 61 30 66
8 66 30 61 20 70 75 58 12 49 5
6 13 30 61 20 71 76 56 69
6 69 56 76 71 20 61 30 13
4 17 58 76 56 69 40
4 40 69 56 76 58 17
5 75 58 12 15 36 22 11
3 18 20 70 75 63
3 63 75 70 20 18
1 68 30 47
5 78 4 37 54 63 75 58
9 66 30 61 20 70 75 63 54 37 4 78
9 78 4 37 54 63 75 70 20 61 30 66
6 7 18 20 70 75 58 12 15
6 15 12 58 75 70 20 18 7
1 23 28 9
2 67 12 58 75
2 75 58 12 67
9 30 61 20 70 75 58 12 15 6 50 41
9 41 50 6 15 12 58 75 70 20 61 30
8 60 41 50 6 15 12 54 37 4 73
8 73 4 37 54 12 15 6 50 41 60
0 34 8
9 62 37 54 63 75 58 55 14 10 39 43
0 45 19
0 28 9
10 7 18 20 70 75 58 12 15 36 65 3 44
10 44 3 65 36 15 12 58 75 70 20 18 7
4 48 63 75 71 74 33
2 6 15 36 65
2 65 36 15 6
8 16 45 22 36 15 12 58 75 71 74
8 74 71 75 58 12 15 36 22 45 16
3 31 20 61 30 13
7 3 65 36 15 12 58 75 63 48
7 48 63 75 58 12 15 36 65 3
7 10 14 55 58 75 70 59 52 9
5 62 37 54 12 15 36 65
5 65 36 15 12 54 37 62
0 17 1
3 59 70 20 18 79
3 79 18 20 70 59
2 73 34 21 38
1 71 70 59
5 77 11 22 36 72 25 5
1 21 34 73
1 73 34 21
2 23 54 12 49
2 49 12 54 23
5 1 17 58 75 70 20 61
5 61 20 70 75 58 17 1
5 44 3 65 36 15 57 1
2 13 30 61 2
7 65 36 15 12 58 75 63 48 28
1 75 63 48
0 72 29
6 47 71 75 58 12 49 5 34
1 38 72 29
6 18 20 70 75 58 12 15 6
2 61 20 71 76
2 76 71 20 61
5 4 37 54 63 75 58 53
5 53 58 75 63 54 37 4
4 66 30 61 20 70 75
4 75 70 20 61 30 66
5 31 20 70 75 58 55 14
3 31 20 70 59 52
3 52 59 70 20 31
5 7 18 20 70 75 58 53
5 53 58 75 70 20 18 7
7 52 59 70 75 58 55 14 10 39
1 33 74 47
1 47 74 33
2 39 41 16 77
2 77 16 41 39
4 48 63 75 58 76 56
4 56 76 58 75 63 48
4 57 12 58 75 71 74
4 74 71 75 58 12 57
3 55 58 75 63 48
2 23 37 5 21
2 33 76 58 12
3 49 12 15 6 50
3 50 6 15 12 49
3 17 12 15 36 29
3 29 36 15 12 17
3 78 4 37 5 21
5 34 5 49 12 58 75 63
5 63 75 58 12 49 5 34
3 47 61 20 70 64
3 64 70 20 61 47
6 76 58 12 15 36 22 11 77
6 77 11 22 36 15 12 58 76
2 67 49 5 34
3 1 17 58 75 70
3 70 75 58 17 1
2 25 72 36 65
2 65 36 72 25
2 37 54 12 15
6 61 20 70 75 63 54 37 4
4 22 36 15 12 54 37
4 37 54 12 15 36 22
6 78 4 37 54 63 75 58 76
5 37 54 63 75 70 59 52
5 52 59 70 75 63 54 37
3 17 58 76 56 69
3 69 56 76 58 17
2 63 75 58 17
1 71 20 31
8 78 4 37 54 63 75 70 20 18 68
2 51 79 18 31
5 2 20 70 75 58 12 49
5 49 12 58 75 70 20 2
2 46 3 65 29
2 77 11 22 65
3 15 36 22 11 77
3 77 11 22 36 15
6 54 63 75 58 55 14 10 39
6 61 20 70 75 58 55 14 10
5 5 49 12 58 75 71 74
5 74 71 75 58 12 49 5
0 46 27
3 62 37 54 63 75
3 75 63 54 37 62
3 22 36 15 6 50
3 50 6 15 36 22
7 46 3 65 36 15 12 58 75 70
7 70 75 58 12 15 36 65 3 46
3 71 75 63 48 28
1 7 18 61
1 61 18 7
4 58 75 63 54 37 4
3 48 64 70 20 61
3 61 20 70 64 48
1 34 5 49
1 49 5 34
1 61 20 31
3 29 36 15 12 58
3 58 12 15 36 29
6 15 12 58 55 14 10 39 43
6 43 39 10 14 55 58 12 15
5 6 15 12 58 76 56 69
5 69 56 76 58 12 15 6
1 1 6 19
1 19 6 1
9 30 61 20 70 75 58 12 15 36 72 38
9 38 72 36 15 12 58 75 70 20 61 30
1 12 58 75
1 75 58 12
4 64 75 58 12 67 25
1 21 5 37
1 37 5 21
4 75 70 20 61 30 66
1 27 29 65
1 65 29 27
1 45 22 65
1 65 22 45
5 45 22 36 15 12 58 55
5 55 58 12 15 36 22 45
10 68 18 20 70 75 58 12 15 36 65 3 44
2 67 12 58 53
8 44 3 65 36 15 12 58 75 71 47
8 47 71 75 58 12 15 36 65 3 44
2 3 65 36 72
2 72 36 65 3
5 56 76 58 12 15 6 50
7 35 41 50 6 15 12 54 37 62
7 62 37 54 12 15 6 50 41 35
1 38 72 67
1 67 72 38
5 80 5 49 12 15 42 19
2 56 10 39 43
7 46 3 65 36 15 12 58 75 71
7 71 75 58 12 15 36 65 3 46
7 67 12 58 75 70 20 61 30 66
4 28 48 64 70 20 61
4 61 20 70 64 48 28
6 52 59 70 75 58 12 15 6
8 77 11 22 36 15 12 58 75 63 48
4 22 36 15 6 50 41
4 41 50 6 15 36 22
8 22 36 15 12 58 75 70 59 52 9
5 36 15 12 54 37 4 8
3 13 30 61 20 31
3 31 20 61 30 13
3 55 58 75 71 47
1 23 37 62
1 62 37 23
10 16 45 22 36 15 12 58 75 70 59 52 9
7 43 39 10 14 55 58 12 49 5
7 27 29 36 15 12 58 75 71 74
7 74 71 75 58 12 15 36 29 27
6 56 76 58 12 15 36 65 3
2 36 72 25 21
1 73 4 23
6 6 15 12 58 75 70 59 52
6 52 59 70 75 58 12 15 6
10 35 41 50 6 15 12 58 75 70 59 52 9
7 9 52 59 70 75 58 17 1 32
7 32 1 17 58 75 70 59 52 9
6 57 12 58 75 70 20 61 30
7 24 65 36 15 12 54 37 4 78
7 78 4 37 54 12 15 36 65 24
2 70 75 58 12
1 38 21 34
3 42 36 65 3 44
3 44 3 65 36 42
7 33 76 58 12 15 36 22 45 16
1 25 5 80
1 80 5 25
7 24 65 36 15 12 58 75 70 20
5 37 54 12 15 36 65 3
6 13 30 61 20 70 75 58 12
0 5 49
0 49 5
3 32 6 15 36 29
6 23 54 63 75 58 76 56 69
6 69 56 76 58 75 63 54 23
6 1 17 58 75 70 59 52 9
6 9 52 59 70 75 58 17 1
9 30 61 20 70 75 58 12 15 6 50 41
9 41 50 6 15 12 58 75 70 20 61 30
2 72 36 15 6
0 23 48
0 48 23
7 35 41 50 6 15 36 65 3 44
7 44 3 65 36 15 6 50 41 35
6 59 70 75 58 12 15 36 72
6 72 36 15 12 58 75 70 59
6 78 4 37 54 63 75 70 20
6 67 12 58 75 70 20 61 30
1 36 15 12
2 29 65 22 11
4 31 20 70 75 58 17
10 13 30 61 20 70 75 58 55 14 10 39 43
10 43 39 10 14 55 58 75 70 20 61 30 13
5 28 48 63 75 58 12 49
5 49 12 58 75 63 48 28
9 43 39 10 14 55 58 12 15 36 22 11
6 78 4 37 54 63 75 58 17
7 32 1 17 58 75 70 20 61 30
3 58 75 70 20 61
3 61 20 70 75 58
3 70 75 58 12 49
6 66 30 61 20 70 75 58 12
9 16 45 22 36 15 12 58 75 70 59 52
9 52 59 70 75 58 12 15 36 22 45 16
1 56 76 74
1 74 76 56
3 76 58 12 49 5
7 46 3 65 36 15 12 54 37 62
7 62 37 54 12 15 36 65 3 46
1 66 74 33
8 73 4 37 54 12 15 36 65 3 46
3 43 39 10 14 55
3 55 14 10 39 43
