1 9 5 10
1 10 5 9
0 4 5
0 5 4
1 3 9 7
1 7 9 3
1 4 9 6
1 6 9 4
1 3 9 4
1 4 9 3
2 3 9 5 10
2 10 5 9 3
1 1 5 4
1 4 5 1
1 9 5 10
1 10 5 9
1 4 5 10
1 10 5 4
1 1 5 10
1 10 5 1
2 4 9 2 8
2 8 2 9 4
2 10 5 9 6
0 2 3
0 3 2
1 4 9 3
1 1 5 9
1 9 5 1
1 7 9 3
0 5 1
2 1 5 9 7
2 7 9 5 1
1 6 9 3
0 9 6
0 6 7
0 7 6
3 8 2 9 5 1
0 6 8
0 8 6
0 10 5
0 9 3
2 3 9 5 10
2 10 5 9 3
2 1 5 9 6
2 6 9 5 1
1 2 9 5
1 5 9 2
0 10 7
2 7 9 5 1
1 6 9 4
1 5 9 2
1 6 9 5
0 7 9
0 9 7
0 9 4
0 7 6
1 7 9 2
1 5 9 6
1 6 9 5
2 8 2 9 5
2 1 5 9 2
2 2 9 5 1
0 5 1
0 5 9
0 9 5
1 5 9 3
0 9 2
2 8 2 9 4
2 10 5 9 3
0 6 9
0 9 6
1 3 9 4
1 4 9 3
0 4 9
0 9 4
1 1 5 10
1 10 5 1
