2 66 15 33 64
3 74 71 7 79 52
7 48 61 38 64 77 19 40 39 37
1 29 31 9
5 75 58 33 15 29 69 2
3 34 32 57 68 17
1 57 4 51
2 2 69 29 31
2 31 29 69 2
4 13 58 33 15 66 47
4 47 66 15 33 58 13
6 20 44 12 13 58 33 45 41
6 41 45 33 58 13 12 44 20
5 29 66 45 48 17 11 30
5 30 11 17 48 45 66 29
4 7 79 52 19 6 58
4 58 6 19 52 79 7
2 40 20 65 55
2 55 65 20 40
0 16 55
0 55 16
3 54 40 79 72 8
8 69 29 15 33 6 19 52 79 7 71
8 71 7 79 52 19 6 33 15 29 69
8 71 7 79 52 19 6 33 15 29 14
8 42 5 44 54 40 52 76 59 32 70
8 70 32 59 76 52 40 54 44 5 42
0 51 70
0 70 51
4 79 52 19 6 33 45
5 23 65 20 40 19 77 64
5 64 77 19 40 20 65 23
6 13 12 44 54 40 39 27 80
6 80 27 39 40 54 44 12 13
7 35 80 27 79 52 19 6 33 15
4 62 24 44 54 40 79
4 79 40 54 44 24 62
1 61 38 33
7 39 40 19 77 64 38 61 48 41
7 41 48 61 38 64 77 19 40 39
4 14 29 66 45 61 46
4 46 61 45 66 29 14
3 50 39 40 19 6
6 20 44 12 13 58 33 15 66
6 66 15 33 58 13 12 44 20
4 60 35 23 65 16 73
4 73 16 65 23 35 60
6 25 73 42 20 39 79 72 1
3 63 24 5 42 16
4 14 29 15 33 64 57
4 57 64 33 15 29 14
3 37 50 26 65 16
0 78 67
8 61 38 64 77 19 44 5 42 16 21
6 51 72 79 39 20 42 73 25
2 52 40 39 37
4 71 80 37 50 26 65
3 35 80 7 72 3
6 17 68 57 32 3 72 71 74
6 74 71 72 3 32 57 68 17
1 75 63 62
4 39 40 19 6 33 45
4 45 33 6 19 40 39
3 67 9 33 38 10
4 62 24 44 54 40 79
4 79 40 54 44 24 62
5 35 80 27 79 52 19 6
4 79 39 20 65 55 49
3 53 73 42 5 44
6 25 28 36 24 12 6 64 10
1 60 35 23
1 76 34 72
5 75 56 13 6 64 10 46
1 48 61 46
1 34 79 39
1 39 79 34
5 62 78 67 9 31 29 69
5 69 29 31 9 67 78 62
4 41 45 33 9 67 78
4 78 67 9 33 45 41
5 14 31 9 67 78 62 36
5 36 62 78 67 9 31 14
4 11 57 18 59 76 52
4 52 76 59 18 57 11
7 80 37 50 26 20 5 24 63 78
7 28 36 62 78 67 9 31 29 47
7 47 29 31 9 67 78 62 36 28
3 18 43 77 6 58
3 58 6 77 43 18
5 16 65 26 50 37 80 71
5 71 80 37 50 26 65 16
5 21 16 42 5 44 54 40
5 40 54 44 5 42 16 21
7 14 29 15 33 6 19 52 79 27
7 27 79 52 19 6 33 15 29 14
2 55 65 20 40
3 25 73 16 65 23
6 37 50 26 20 44 12 13 58
6 58 13 12 44 20 26 50 37
3 61 38 64 57 18
4 78 62 36 28 25 53
3 47 45 48 17 11
6 8 72 34 76 52 19 6 58
6 58 6 19 52 76 34 72 8
4 62 24 44 54 40 39
4 7 79 52 19 12 75
4 75 12 19 52 79 7
1 51 3 34
0 73 21
4 11 4 70 3 72 8
6 11 68 64 6 13 56 75 63
6 63 75 56 13 6 64 68 11
4 80 37 50 26 20 42
2 15 33 58 13
2 20 42 16 21
2 21 16 42 20
4 5 44 54 40 52 76
4 76 52 40 54 44 5
4 43 64 38 61 48 41
2 54 20 65 55
2 55 65 20 54
2 59 32 70 51
0 28 25
2 14 31 9 67
2 67 9 31 14
1 34 79 27
4 58 13 12 44 54 40
1 53 25 28
7 25 28 36 24 12 6 64 10 46
7 46 10 64 6 12 24 36 28 25
3 48 45 33 9 67
3 67 9 33 45 48
7 53 25 28 36 24 12 6 64 10
2 50 39 40 52
2 52 40 39 50
5 3 34 79 39 20 42 16
5 16 42 20 39 79 34 3
8 17 46 10 64 77 19 40 20 65 23
8 23 65 20 40 19 77 64 10 46 17
2 36 28 73 21
5 18 43 77 6 33 15 31
5 31 15 33 6 77 43 18
7 61 38 64 77 19 40 20 65 23
5 5 20 26 50 37 80 71
5 71 80 37 50 26 20 5
3 26 39 79 34 32
3 32 34 79 39 26
6 48 61 38 64 77 19 40 39
4 19 52 76 34 72 1
3 65 20 40 52 76
3 76 52 40 20 65
6 73 42 5 44 19 77 64 38
8 55 65 20 40 19 77 64 10 46 17
5 3 34 79 39 20 65 55
5 55 65 20 39 79 34 3
3 4 70 3 72 7
3 7 72 3 70 4
1 16 42 5
2 59 76 52 19
2 52 19 12 75
2 75 12 19 52
2 73 42 20 39
7 47 29 31 9 67 63 24 5 42
6 69 29 15 33 6 77 43 59
6 17 68 57 32 3 72 71 74
6 74 71 72 3 32 57 68 17
2 50 26 20 42
1 57 68 17
2 32 34 79 27
8 17 46 10 64 77 19 44 5 42 16
4 54 44 24 63 67 9
5 5 44 19 77 64 38 61
5 61 38 64 77 19 44 5
5 58 13 12 44 54 40 39
6 35 37 50 26 20 44 12 13
3 46 61 45 47 2
3 49 16 42 5 24
2 50 26 20 44
4 58 75 24 5 42 16
2 6 19 52 79
2 79 52 19 6
0 74 22
0 24 75
0 75 24
6 15 33 6 19 52 79 27 80
6 80 27 79 52 19 6 33 15
1 11 68 46
1 46 68 11
1 27 80 60
1 60 80 27
4 13 6 77 43 18 32
4 32 18 43 77 6 13
1 20 26 50
1 50 26 20
1 12 6 77
1 77 6 12
8 8 72 34 76 52 19 12 75 63 78
8 78 63 75 12 19 52 76 34 72 8
5 41 45 33 58 75 24 5
8 80 37 50 26 20 5 24 63 67 9
2 60 71 72 51
6 28 36 62 78 67 9 31 29
6 29 31 9 67 78 62 36 28
1 15 45 38
1 38 45 15
0 76 52
7 36 42 20 26 50 37 80 71 22
7 25 28 36 24 12 6 64 68 11
2 16 42 20 39
2 39 20 42 16
2 10 64 43 59
2 59 43 64 10
4 36 24 12 6 64 68
4 68 64 6 12 24 36
3 70 3 72 7 80
3 80 7 72 3 70
4 20 5 24 63 67 9
4 49 16 42 5 24 63
4 63 24 5 42 16 49
1 38 33 9
4 61 38 33 9 67 78
4 78 67 9 33 38 61
7 13 12 44 54 40 39 27 80 60
7 60 80 27 39 40 54 44 12 13
6 7 27 37 50 26 20 42 73
6 73 42 20 26 50 37 27 7
4 30 11 17 48 45 66
4 66 45 48 17 11 30
3 53 73 42 5 44
2 23 65 55 49
2 49 55 65 23
2 47 45 38 10
0 22 71
0 71 22
5 52 19 6 33 15 29 69
5 69 29 15 33 6 19 52
4 29 31 9 67 78 62
4 62 78 67 9 31 29
3 79 39 20 42 16
3 1 51 4 57 68
3 68 57 4 51 1
5 16 42 5 44 54 40 52
5 52 40 54 44 5 42 16
7 29 31 9 67 63 24 5 42 16
5 35 80 27 79 34 59 18
3 24 63 67 9 15
7 47 66 15 33 6 19 40 39 37
3 26 20 42 73 53
3 53 73 42 20 26
7 61 38 64 77 19 40 20 65 55
5 71 7 79 52 19 6 33
4 51 4 57 64 38 45
2 33 38 46 17
3 7 27 39 40 54
3 54 40 39 27 7
4 40 54 44 12 13 58
4 58 13 12 44 54 40
2 75 12 44 20
6 71 80 37 50 26 20 42 73
6 73 42 20 26 50 37 80 71
5 36 5 44 54 40 79 72
5 72 79 40 54 44 5 36
6 13 6 77 43 18 32 70 51
6 51 70 32 18 43 77 6 13
5 43 77 19 44 5 42 73
5 73 42 5 44 19 77 43
0 66 29
5 10 64 77 19 44 5 42
5 42 5 44 19 77 64 10
0 75 56
3 78 63 24 5 20
1 61 46 10
2 27 7 72 51
2 51 72 7 27
6 42 5 24 63 67 9 31 29
7 47 66 15 33 6 19 52 79 27
7 45 33 58 75 24 36 28 25 53
7 53 25 28 36 24 75 58 33 45
7 32 59 76 52 40 54 44 5 36
7 36 5 44 54 40 52 76 59 32
6 31 9 67 63 24 5 20 26
5 56 75 24 5 42 16 21
1 51 4 11
1 44 24 63
1 63 24 44
4 13 12 44 54 40 39
4 39 40 54 44 12 13
8 55 65 20 40 52 76 59 32 4 30
4 67 63 24 5 42 16
7 71 7 27 39 40 54 44 24 62
4 71 80 37 50 26 20
3 33 64 57 32 3
5 29 15 33 6 77 43 59
5 59 43 77 6 33 15 29
2 5 20 65 23
2 23 65 20 5
1 7 79 52
1 52 79 7
8 49 55 65 20 40 52 76 59 32 4
5 24 12 6 77 43 18 32
5 32 18 43 77 6 12 24
2 39 40 19 6
3 58 33 15 29 14
4 59 34 79 27 80 60
4 60 80 27 79 34 59
7 56 12 19 52 76 34 72 8 22
5 42 5 44 19 77 64 68
5 68 64 77 19 44 5 42
4 12 6 64 38 61 48
4 48 61 38 64 6 12
5 18 43 77 6 33 15 31
5 31 15 33 6 77 43 18
7 63 75 12 19 52 76 34 72 8
0 44 5
6 28 36 5 44 54 40 52 76
6 76 52 40 54 44 5 36 28
3 40 54 44 12 56
3 56 12 44 54 40
4 7 27 39 40 54 44
4 44 54 40 39 27 7
4 30 11 68 64 6 13
4 15 45 48 17 11 30
4 30 11 17 48 45 15
7 48 61 38 64 77 76 79 7 71
7 71 7 79 76 77 64 38 61 48
6 62 24 44 54 40 39 27 7
2 76 79 7 71
1 52 40 54
1 54 40 52
3 50 26 20 42 28
5 28 36 24 12 6 77 43
5 43 77 6 12 24 36 28
8 47 66 15 33 6 19 52 79 7 71
8 71 7 79 52 19 6 33 15 66 47
4 42 5 44 19 77 64
4 64 77 19 44 5 42
5 21 16 42 5 24 75 56
5 56 75 24 5 42 16 21
3 72 34 59 43 64
2 60 71 72 51
0 12 19
0 19 12
3 58 6 77 43 18
7 15 33 6 19 52 76 34 72 8
5 30 11 17 48 45 66 29
4 37 27 7 72 51 30
2 19 77 43 18
6 36 62 78 67 9 31 29 47
6 47 29 31 9 67 78 62 36
0 40 39
4 20 5 24 63 67 9
2 18 59 34 79
2 79 34 59 18
4 3 34 79 39 20 65
4 65 20 39 79 34 3
6 22 71 7 27 39 40 54 44
6 44 54 40 39 27 7 71 22
7 48 61 38 64 77 19 44 5 42
3 19 52 79 7 71
3 71 7 79 52 19
2 58 33 15 31
1 41 47 69
1 69 47 41
0 1 51
0 51 1
1 6 33 15
1 15 33 6
0 58 67
0 67 58
4 44 19 77 64 10 46
4 46 10 64 77 19 44
7 16 42 5 24 63 67 9 31 14
5 16 42 20 39 79 72 51
5 51 72 79 39 20 42 16
3 60 35 23 65 55
7 42 5 44 54 40 52 76 59 32
7 16 42 5 44 54 40 52 76 59
7 59 76 52 40 54 44 5 42 16
2 30 4 32 18
3 43 18 32 70 51
3 51 70 32 18 43
7 62 63 75 56 13 6 64 68 11
6 45 33 6 19 52 79 27 80
6 80 27 79 52 19 6 33 45
7 33 6 19 52 76 34 72 8 22
5 30 4 32 34 79 39 26
5 10 64 6 13 56 75 63
5 63 75 56 13 6 64 10
6 76 52 19 6 33 15 66 47
2 77 19 44 5
5 33 6 19 52 76 34 72
5 72 34 76 52 19 6 33
3 50 26 65 55 49
3 6 64 10 46 17
3 17 46 10 64 6
4 51 72 79 39 20 65
4 65 20 39 79 72 51
4 72 34 76 52 19 12
2 16 42 20 39
2 39 20 42 16
4 23 65 42 36 62 78
4 78 62 36 42 65 23
3 56 12 44 20 65
3 65 20 44 12 56
0 80 37
3 27 39 40 54 44
3 44 54 40 39 27
9 69 29 15 33 6 19 52 79 27 80 60
7 17 46 10 64 77 19 40 39 50
7 50 39 40 19 77 64 10 46 17
2 5 24 75 58
2 58 75 24 5
3 32 34 79 27 80
3 80 27 79 34 32
4 24 63 67 9 31 29
4 29 31 9 67 63 24
5 36 24 12 6 77 43 57
5 57 43 77 6 12 24 36
0 20 5
2 54 40 39 27
5 42 5 24 75 58 33 45
5 45 33 58 75 24 5 42
9 71 7 27 39 40 54 44 24 63 67 9
5 3 34 76 52 19 12 13
5 13 12 19 52 76 34 3
0 38 10
1 77 64 38
4 47 66 15 33 58 56
4 56 58 33 15 66 47
1 33 9 67
1 67 9 33
1 35 37 50
1 50 37 35
6 36 42 20 26 50 37 80 71
6 71 80 37 50 26 20 42 36
2 59 18 57 68
2 68 57 18 59
2 22 8 72 3
3 48 61 38 64 57
3 57 64 38 61 48
3 11 68 64 77 19
3 19 77 64 68 11
2 13 56 75 67
2 67 75 56 13
5 76 52 19 6 33 15 66
4 13 58 33 15 29 69
4 69 29 15 33 58 13
6 62 24 5 20 26 50 37 35
4 77 19 44 5 42 16
9 47 66 15 33 6 19 52 79 27 80 35
3 26 20 40 52 76
3 76 52 40 20 26
1 51 1 8
5 10 64 77 19 40 39 37
5 37 39 40 19 77 64 10
2 57 64 38 45
4 27 79 34 32 57 68
4 68 57 32 34 79 27
2 64 38 61 48
8 70 32 18 43 77 6 13 56 75 63
6 56 12 44 54 40 39 27 80
6 80 27 39 40 54 44 12 56
4 2 47 45 38 10 68
4 68 10 38 45 47 2
5 18 43 77 6 33 15 29
5 29 15 33 6 77 43 18
2 54 44 24 62
2 62 24 44 54
3 49 55 65 23 35
1 17 48 45
1 45 48 17
9 51 70 32 18 43 77 6 13 56 75 63
9 63 75 56 13 6 77 43 18 32 70 51
5 31 15 33 6 19 52 76
5 76 52 19 6 33 15 31
1 10 64 6
2 51 72 71 60
2 60 71 72 51
9 14 29 15 33 6 19 52 79 27 80 60
9 60 80 27 79 52 19 6 33 15 29 14
8 48 61 38 64 43 59 34 72 8 22
6 56 12 19 52 79 7 71 74
6 74 71 7 79 52 19 12 56
5 9 67 63 24 44 54 40
5 40 54 44 24 63 67 9
10 73 42 5 44 54 40 52 76 59 32 4 30
5 54 19 77 64 38 61 48
5 61 38 64 77 76 79 7
1 36 62 78
1 78 62 36
3 67 9 33 45 41
0 60 35
3 75 12 19 52 76
3 76 52 19 12 75
2 32 18 43 77
2 77 43 18 32
6 10 64 6 13 56 75 63 62
6 62 63 75 56 13 6 64 10
1 24 5 20
5 20 26 50 37 80 71 74
5 74 71 80 37 50 26 20
1 31 15 33
1 33 15 31
4 53 73 42 20 39 79
4 79 39 20 42 73 53
6 54 44 12 13 58 33 15 29
3 24 63 67 9 15
6 20 40 19 77 64 10 46 17
3 44 5 36 28 25
6 16 42 5 44 19 77 43 57
6 57 43 77 19 44 5 42 16
0 32 3
4 54 40 52 76 59 18
4 43 76 52 40 20 65
4 65 20 40 52 76 43
7 53 25 28 36 24 12 6 64 38
4 60 71 72 3 70 4
9 66 15 33 6 19 52 76 34 72 8 22
1 17 46 10
2 41 48 17 68
2 68 17 48 41
1 3 72 71
1 71 72 3
2 20 44 12 56
2 56 12 44 20
3 21 49 55 65 26
3 26 65 55 49 21
4 36 24 75 58 33 45
4 45 33 58 75 24 36
0 72 7
7 61 38 64 77 76 79 27 80 35
5 31 9 67 78 62 36 28
7 11 68 64 6 13 56 75 63 62
7 62 63 75 56 13 6 64 68 11
3 31 15 45 48 17
8 32 59 76 52 40 54 44 5 42 73
8 73 42 5 44 54 40 52 76 59 32
6 1 72 79 40 54 44 5 36
6 36 5 44 54 40 79 72 1
3 62 63 75 56 13
7 71 7 79 76 77 64 38 61 48
1 34 79 7
4 57 32 34 79 39 26
5 75 56 13 6 77 43 59
1 48 61 46
1 66 29 69
1 69 29 66
3 23 65 16 73 53
3 53 73 16 65 23
2 33 15 29 14
3 59 43 64 38 45
4 1 51 4 57 68 10
4 10 68 57 4 51 1
2 72 34 59 43
3 23 37 80 71 22
4 11 68 64 77 19 54
4 54 19 77 64 68 11
5 47 66 15 33 58 13 12
6 41 45 33 58 75 24 36 28
3 56 58 33 15 31
3 75 58 33 45 41
0 70 3
7 66 15 9 67 63 24 5 42 16
7 14 31 9 67 63 24 5 20 65
7 65 20 5 24 63 67 9 31 14
2 61 45 15 31
2 53 25 28 36
5 4 70 3 72 7 27 37
5 37 27 7 72 3 70 4
8 49 16 42 5 24 63 67 9 31 14
6 33 6 19 52 76 34 72 1
7 55 65 20 40 52 76 59 18 57
7 57 18 59 76 52 40 20 65 55
2 44 24 63 78
2 78 63 24 44
6 30 4 32 59 76 52 40 54
6 54 40 52 76 59 32 4 30
1 3 34 76
1 76 34 3
5 17 46 10 64 77 19 44
5 44 19 77 64 10 46 17
5 56 12 19 52 76 34 72
5 72 34 76 52 19 12 56
10 74 71 7 79 52 19 6 33 15 29 69 2
7 32 18 43 77 6 13 56 75 63
7 63 75 56 13 6 77 43 18 32
2 5 42 16 49
2 49 16 42 5
5 78 63 24 5 20 26 50
2 34 32 57 11
5 80 27 79 76 77 64 38
7 46 10 64 77 76 79 27 80 35
5 27 79 76 77 64 10 46
5 46 10 64 77 76 79 27
9 49 55 65 20 40 52 76 59 18 57 11
9 47 29 31 9 67 63 24 5 42 16 55
9 55 16 42 5 24 63 67 9 31 29 47
3 67 63 24 5 42
4 52 40 20 65 55 49
5 15 33 6 19 52 79 7
1 76 77 64
7 2 69 29 15 33 64 57 4 51
7 51 4 57 64 33 15 29 69 2
4 55 65 26 50 37 27
1 5 20 39
1 39 20 5
4 42 5 24 63 67 9
0 7 71
0 71 7
3 10 64 77 19 40
3 40 19 77 64 10
7 1 51 4 57 64 38 61 48 41
7 41 48 61 38 64 57 4 51 1
8 30 11 68 64 6 13 56 75 63 78
8 78 63 75 56 13 6 64 68 11 30
3 28 36 24 75 56
3 56 75 24 36 28
2 44 5 36 28
6 66 15 9 67 63 24 5 42
7 2 69 29 31 9 67 63 24 5
7 5 24 63 67 9 31 29 69 2
4 3 32 18 43 77 6
4 6 77 43 18 32 3
2 53 73 21 49
4 12 6 64 38 61 48
4 48 61 38 64 6 12
4 32 18 43 77 6 13
2 51 72 79 39
2 39 20 65 55
2 55 65 20 39
3 77 76 79 27 80
3 80 27 79 76 77
7 15 33 6 19 52 79 27 80 35
7 35 80 27 79 52 19 6 33 15
6 71 7 27 39 40 54 44 24
1 27 37 23
4 16 42 5 24 75 56
4 56 75 24 5 42 16
7 53 25 28 36 24 12 6 77 43
4 63 75 58 33 45 48
5 70 32 57 64 38 61 48
7 9 67 75 12 19 52 76 34 72
7 72 34 76 52 19 12 75 67 9
1 52 76 43
2 77 6 13 56
2 43 76 52 40
4 24 44 54 40 39 27
4 27 39 40 54 44 24
3 52 79 7 71 74
3 74 71 7 79 52
7 17 46 10 64 77 19 44 5 42
7 42 5 44 19 77 64 10 46 17
3 48 45 33 58 13
9 74 71 7 79 52 19 6 33 15 29 14
3 79 39 20 42 16
5 37 50 26 20 42 73 25
3 70 32 59 76 52
7 32 59 76 52 40 54 44 5 42
7 42 5 44 54 40 52 76 59 32
1 47 69 14
3 9 67 78 62 36
3 36 62 78 67 9
4 62 36 28 73 21 49
3 27 37 50 26 65
3 65 26 50 37 27
5 43 76 52 40 20 65 55
5 55 65 20 40 52 76 43
2 41 45 33 6
7 14 31 9 67 63 24 5 42 16
7 16 42 5 24 63 67 9 31 14
2 64 10 46 17
8 41 48 61 38 64 77 76 79 27 80
8 80 27 79 76 77 64 38 61 48 41
2 59 76 52 40
6 44 54 40 52 76 59 32 4
1 53 73 42
6 51 4 57 64 38 61 48 41
0 19 40
0 40 19
2 44 20 26 50
2 50 26 20 44
3 2 47 45 38 10
3 10 38 45 47 2
4 64 77 19 44 5 42
2 46 10 64 77
2 77 64 10 46
3 43 77 6 12 24
2 13 12 24 5
4 79 39 20 42 73 53
3 10 64 77 19 44
3 44 19 77 64 10
2 20 42 73 25
2 25 73 42 20
7 61 38 64 77 76 79 27 80 60
6 24 44 54 40 39 27 7 71
6 71 7 27 39 40 54 44 24
2 19 12 75 67
2 67 75 12 19
0 26 23
3 61 38 64 77 76
3 76 77 64 38 61
4 63 75 12 19 52 79
4 79 52 19 12 75 63
1 35 80 27
1 48 17 68
1 68 17 48
1 36 24 63
1 63 24 36
4 30 11 68 10 38 33
4 33 38 10 68 11 30
3 11 4 70 3 72
3 72 3 70 4 11
4 57 43 77 6 12 24
1 76 79 7
5 28 36 24 12 6 64 38
5 38 64 6 12 24 36 28
2 2 47 45 48
2 48 45 47 2
4 27 79 76 77 64 38
4 38 64 77 76 79 27
8 4 57 43 77 6 13 56 75 63 78
8 78 63 75 56 13 6 77 43 57 4
4 24 63 67 9 31 29
4 29 31 9 67 63 24
3 52 76 59 32 4
5 24 5 20 26 50 37 35
5 35 37 50 26 20 5 24
0 34 59
0 59 34
4 13 12 19 52 76 34
4 34 76 52 19 12 13
6 46 10 64 77 76 79 27 80
6 80 27 79 76 77 64 10 46
6 48 61 38 64 77 76 79 27
4 65 20 40 52 76 59
6 18 43 77 19 44 5 42 73
6 73 42 5 44 19 77 43 18
3 2 47 45 61 46
3 46 61 45 47 2
0 31 29
4 35 80 27 79 34 32
4 76 77 64 38 61 48
8 14 31 9 67 63 24 5 42 16 55
8 55 16 42 5 24 63 67 9 31 14
2 5 42 16 49
2 49 16 42 5
3 4 57 64 38 61
3 61 38 64 57 4
6 78 62 36 28 73 21 49 55
1 16 73 53
1 53 73 16
8 41 45 33 58 13 12 44 20 26 50
8 50 26 20 44 12 13 58 33 45 41
4 31 9 67 63 24 5
8 35 80 27 79 52 19 6 33 15 29
8 37 39 40 19 6 33 15 29 69 2
1 55 49 21
5 60 35 23 65 16 73 25
3 13 6 64 38 61
3 61 38 64 6 13
4 22 8 72 34 59 43
4 43 59 34 72 8 22
3 42 5 24 75 56
3 56 75 24 5 42
9 74 71 7 79 52 19 6 33 15 29 69
2 55 65 20 39
4 43 76 79 27 80 60
4 60 80 27 79 76 43
4 40 54 44 24 63 78
4 78 63 24 44 54 40
2 72 7 27 37
5 5 20 26 50 37 27 7
5 7 27 37 50 26 20 5
2 9 58 6 77
2 77 6 58 9
0 8 72
0 72 8
8 2 69 29 31 9 67 63 24 5 42
8 42 5 24 63 67 9 31 29 69 2
3 52 76 59 32 70
3 70 32 59 76 52
3 76 52 19 6 58
6 10 64 77 19 40 20 65 55
6 55 65 20 40 19 77 64 10
8 2 69 29 15 33 58 13 12 44 54
8 54 44 12 13 58 33 15 29 69 2
6 68 64 77 19 40 20 65 55
0 48 61
0 61 48
2 62 36 28 73
2 73 28 36 62
4 49 55 65 26 50 37
5 32 59 76 52 40 54 44
5 44 54 40 52 76 59 32
8 48 61 38 64 77 19 40 20 65 23
7 41 48 61 38 64 77 19 40 39
2 11 17 48 45
2 45 48 17 11
4 77 43 18 32 70 51
0 42 5
2 42 5 24 75
2 75 24 5 42
3 78 63 75 56 13
5 64 6 12 24 36 28 25
7 71 80 37 50 26 20 42 73 25
5 32 18 43 77 6 12 24
3 78 63 75 12 19
4 79 52 19 6 33 45
8 31 15 33 6 19 52 79 27 80 60
8 60 80 27 79 52 19 6 33 15 31
1 37 27 79
1 79 27 37
6 48 61 38 64 77 19 40 20
5 42 5 24 63 67 9 15
4 42 20 39 79 34 3
6 53 73 42 5 44 54 40 52
7 79 52 19 6 33 15 29 69 2
3 23 26 39 79 72
3 72 79 39 26 23
6 38 64 77 19 44 5 42 16
2 66 15 9 67
2 67 9 15 66
5 61 38 64 57 4 51 1
4 12 19 52 76 34 3
6 25 28 36 24 12 6 77 43
6 43 77 6 12 24 36 28 25
4 26 50 37 80 71 22
0 13 56
0 56 13
0 18 43
0 43 18
6 68 64 77 19 40 20 65 55
9 41 48 61 38 64 77 76 79 27 80 35
3 26 39 79 34 3
1 50 26 20
2 37 39 40 54
2 54 40 39 37
0 23 35
0 35 23
4 55 65 20 40 19 77
4 77 19 40 20 65 55
3 27 39 40 54 44
3 44 54 40 39 27
1 13 12 44
1 44 12 13
6 31 9 67 78 62 36 28 25
5 45 33 58 75 24 5 42
7 27 79 52 19 6 33 15 29 69
7 69 29 15 33 6 19 52 79 27
3 43 64 38 61 48
3 48 61 38 64 43
6 12 44 54 40 39 27 80 60
6 60 80 27 39 40 54 44 12
3 10 64 77 76 79
3 79 76 77 64 10
2 66 29 69 2
1 65 20 44
5 36 62 78 67 9 15 66
5 66 15 9 67 78 62 36
6 63 75 12 19 52 76 34 72
6 72 34 76 52 19 12 75 63
2 40 54 44 5
3 59 18 57 68 46
8 2 69 29 15 33 6 19 40 39 37
8 37 39 40 19 6 33 15 29 69 2
0 10 46
0 46 10
3 32 59 76 52 40
3 40 52 76 59 32
2 70 32 59 76
2 76 59 32 70
5 33 58 75 24 5 42 16
0 17 68
0 68 17
2 51 70 32 59
2 59 32 70 51
6 35 37 50 26 20 5 24 62
6 62 24 5 20 26 50 37 35
2 70 32 59 76
2 76 59 32 70
5 12 19 52 76 34 72 8
4 51 72 79 39 20 65
4 65 20 39 79 72 51
2 62 36 42 65
2 65 42 36 62
5 56 75 24 36 28 25 53
8 21 16 42 5 24 63 67 9 15 66
8 66 15 9 67 63 24 5 42 16 21
5 51 3 34 76 52 40 54
5 54 40 52 76 34 3 51
4 54 40 39 27 80 60
4 60 80 27 39 40 54
0 19 6
4 51 3 34 76 52 40
6 33 6 19 52 79 27 80 35
6 35 80 27 79 52 19 6 33
2 7 71 8 1
7 22 8 72 34 76 52 19 6 58
7 58 6 19 52 76 34 72 8 22
4 11 4 70 3 72 8
1 71 8 1
6 40 54 44 24 63 67 9 31
2 79 39 20 42
3 15 33 58 13 12
0 26 23
3 65 42 36 62 78
3 78 62 36 42 65
2 40 39 37 35
5 52 19 6 33 15 29 14
6 46 68 57 32 3 72 8 22
5 51 4 57 64 38 61 48
6 62 24 5 20 26 50 37 35
8 2 69 29 15 33 58 13 12 44 20
8 20 44 12 13 58 33 15 29 69 2
4 36 28 73 21 49 55
4 55 49 21 73 28 36
2 77 64 10 46
5 14 29 66 45 38 10 68
5 68 10 38 45 66 29 14
7 46 10 64 77 19 44 5 42 16
2 22 71 80 37
2 37 80 71 22
3 78 63 24 5 20
3 78 63 75 56 13
4 63 24 5 42 16 55
3 67 9 31 29 47
3 53 73 42 20 26
2 33 58 75 24
8 71 7 27 39 40 54 44 24 63 78
8 78 63 24 44 54 40 39 27 7 71
0 45 41
1 77 6 58
3 76 59 32 4 30
2 78 67 9 31
7 36 42 20 26 50 37 80 71 74
7 74 71 80 37 50 26 20 42 36
2 28 73 21 49
2 49 21 73 28
6 13 12 19 52 79 7 71 74
6 74 71 7 79 52 19 12 13
2 64 33 15 66
2 66 15 33 64
4 62 78 67 9 31 14
1 37 80 60
1 60 80 37
0 26 20
3 34 76 52 19 12
2 66 15 33 6
6 69 29 15 33 64 57 4 51
7 61 38 64 77 76 79 27 80 60
2 80 37 50 26
2 20 40 19 77
2 77 19 40 20
5 3 32 57 64 38 45 47
5 47 45 38 64 57 32 3
4 58 6 77 43 18 32
0 29 14
4 26 39 79 34 32 57
4 57 32 34 79 39 26
9 62 63 75 56 13 6 77 43 18 32 70
9 70 32 18 43 77 6 13 56 75 63 62
5 2 69 29 31 9 67 78
5 78 67 9 31 29 69 2
7 8 72 34 76 52 19 12 75 63
7 63 75 12 19 52 76 34 72 8
4 11 68 64 77 19 44
4 44 19 77 64 68 11
5 74 71 72 3 32 57 68
2 63 24 36 28
1 79 72 1
2 65 20 40 19
3 51 4 57 68 46
5 78 63 24 5 20 26 50
0 23 50
0 50 23
7 78 63 75 56 13 6 77 43 57
3 48 45 33 58 56
3 56 58 33 45 48
2 9 58 6 77
2 77 6 58 9
1 69 29 66
2 5 20 26 50
2 50 26 20 5
3 7 79 52 19 6
1 47 69 14
5 20 40 52 76 59 18 57
5 57 18 59 76 52 40 20
3 58 33 15 29 14
3 44 54 40 79 72
3 72 79 40 54 44
7 73 42 20 26 50 37 80 71 74
7 74 71 80 37 50 26 20 42 73
2 72 3 32 57
5 45 33 58 75 24 5 42
2 54 44 5 42
2 44 5 36 28
2 11 17 48 41
2 41 48 17 11
5 5 44 19 77 64 68 11
5 11 68 64 77 19 44 5
6 16 42 5 24 75 58 33 45
6 45 33 58 75 24 5 42 16
6 7 27 37 50 26 20 42 36
6 36 42 20 26 50 37 27 7
0 30 11
1 6 64 68
1 68 64 6
4 48 61 38 64 57 4
4 2 69 29 31 9 67
4 67 9 31 29 69 2
1 61 17 11
6 80 27 39 40 54 44 12 56
9 2 69 29 15 33 6 19 52 76 34 72
9 72 34 76 52 19 6 33 15 29 69 2
10 2 69 29 15 33 6 19 52 79 7 71 74
10 74 71 7 79 52 19 6 33 15 29 69 2
4 1 51 4 57 68 46
4 46 68 57 4 51 1
3 67 75 56 13 6
4 39 79 34 32 4 30
8 34 76 52 19 6 33 15 29 69 2
5 23 26 39 79 34 32 70
5 70 32 34 79 39 26 23
5 12 6 77 43 18 32 70
5 70 32 18 43 77 6 12
5 66 15 33 6 77 43 18
8 26 20 44 12 13 58 33 15 66 47
8 47 66 15 33 58 13 12 44 20 26
8 60 80 27 79 52 19 6 33 15 31
1 34 79 27
5 34 76 52 19 12 75 67
5 67 75 12 19 52 76 34
3 13 6 64 10 46
3 46 10 64 6 13
2 77 64 38 45
1 54 40 79
1 79 40 54
4 68 57 32 3 72 7
3 24 12 6 64 68
3 68 64 6 12 24
4 52 40 54 44 5 42
1 26 20 42
1 42 20 26
4 24 12 6 64 68 11
2 43 64 10 46
2 46 10 64 43
4 32 59 76 52 40 54
4 54 40 52 76 59 32
8 35 80 27 79 76 77 64 10 46 17
3 23 65 20 44 12
5 63 75 12 19 52 76 34
0 42 16
4 60 35 23 65 42 28
9 3 34 76 52 40 54 44 5 36 28 25
9 25 28 36 5 44 54 40 52 76 34 3
6 25 28 36 62 78 67 9 31
6 31 9 67 78 62 36 28 25
6 69 29 66 45 48 17 11 30
3 29 15 33 58 56
3 56 58 33 15 29
8 36 5 44 54 40 52 76 59 32 4
2 76 52 40 39
8 46 10 64 6 12 24 36 28 25 53
8 53 25 28 36 24 12 6 64 10 46
6 1 72 79 39 20 42 16 21
6 21 16 42 20 39 79 72 1
0 63 75
0 75 63
1 66 29 14
4 49 55 65 20 40 52
4 52 40 20 65 55 49
3 62 36 42 65 23
2 16 42 5 44
2 44 5 42 16
5 11 68 64 6 12 24 36
5 36 24 12 6 64 68 11
2 36 24 12 13
0 12 13
0 13 12
5 44 54 40 52 76 59 32
1 42 5 24
5 40 52 76 59 32 4 30
8 60 80 37 50 26 20 5 24 63 67
8 67 63 24 5 20 26 50 37 80 60
0 68 57
0 39 20
6 77 6 12 24 36 28 25 53
1 15 29 14
0 66 15
5 17 46 10 64 77 76 79
5 79 76 77 64 10 46 17
3 37 27 79 34 32
3 42 5 24 12 13
5 41 48 61 38 64 77 52
5 52 77 64 38 61 48 41
2 1 72 34 76
2 76 34 72 1
4 17 46 10 64 6 12
3 40 39 27 80 60
3 60 80 27 39 40
7 76 52 19 6 33 15 29 69 2
6 63 75 56 13 6 64 10 46
4 21 49 55 65 26 50
4 50 26 65 55 49 21
3 22 8 72 34 59
3 59 34 72 8 22
3 22 71 80 37 50
3 50 37 80 71 22
4 31 9 67 78 62 36
4 36 62 78 67 9 31
4 63 75 58 33 45 48
9 2 69 29 15 33 6 19 52 79 27 80
9 80 27 79 52 19 6 33 15 29 69 2
0 46 38
4 63 24 44 54 40 39
4 3 34 79 39 26 23
4 23 26 39 79 34 3
3 10 68 57 32 3
6 51 70 32 18 43 77 6 58
6 58 6 77 43 18 32 70 51
0 46 10
8 69 29 31 9 67 78 62 36 28 73
8 73 28 36 62 78 67 9 31 29 69
3 43 77 6 12 24
6 27 37 50 26 20 42 73 25
0 69 47
2 27 79 76 43
2 43 76 79 27
4 57 32 34 79 27 80
4 80 27 79 34 32 57
3 12 44 54 40 39
3 39 40 54 44 12
6 35 37 50 26 20 44 12 75
6 75 12 44 20 26 50 37 35
1 38 10 68
1 68 10 38
2 26 50 37 35
2 35 37 50 26
5 25 28 36 5 44 54 40
5 40 54 44 5 36 28 25
8 25 28 36 5 44 54 40 52 76 59
8 59 76 52 40 54 44 5 36 28 25
6 63 24 5 20 26 50 37 35
3 13 12 44 20 65
3 65 20 44 12 13
4 44 19 77 64 68 11
5 26 20 44 12 13 58 33
5 33 58 13 12 44 20 26
6 3 34 79 39 20 42 16 21
6 21 16 42 20 39 79 34 3
5 56 13 6 64 68 11 30
0 77 76
3 28 73 21 49 55
3 55 49 21 73 28
4 70 3 72 7 27 37
8 54 44 12 13 58 33 15 29 69 2
1 27 39 40
1 40 39 27
1 28 42 65
1 65 42 28
4 27 37 50 26 20 5
3 51 3 34 76 52
3 52 76 34 3 51
3 44 54 40 52 76
3 76 52 40 54 44
4 30 11 68 64 6 58
4 58 6 64 68 11 30
6 62 63 75 56 13 6 77 43
1 42 73 25
0 5 20
0 20 5
3 57 32 3 72 7
2 40 19 77 64
2 64 77 19 40
4 36 24 12 6 64 68
4 68 64 6 12 24 36
3 12 24 5 42 16
3 16 42 5 24 12
3 43 59 34 72 1
5 52 40 54 44 5 42 16
5 2 69 29 31 9 67 78
5 78 67 9 31 29 69 2
4 56 13 6 64 38 61
4 61 38 64 6 13 56
1 14 69 2
7 65 20 40 19 77 64 10 46 17
5 5 24 63 67 9 31 29
5 29 31 9 67 63 24 5
1 12 75 67
1 67 75 12
4 6 12 24 36 28 25
4 25 28 36 24 12 6
6 61 38 64 77 76 79 27 80
6 80 27 79 76 77 64 38 61
1 49 55 65
1 65 55 49
1 19 6 58
1 58 6 19
5 71 72 3 32 57 68 10
7 73 42 5 44 54 40 52 76 59
2 77 43 57 4
3 74 71 7 27 39
3 37 39 40 19 77
3 77 19 40 39 37
6 55 65 20 40 19 77 64 38
5 26 39 79 34 32 4 30
5 30 4 32 34 79 39 26
3 19 52 76 34 72
3 72 34 76 52 19
6 63 75 12 19 52 76 34 3
4 8 72 3 32 57 68
4 68 57 32 3 72 8
9 63 75 56 13 6 77 43 18 32 70 51
7 54 44 12 13 58 33 15 29 69
7 69 29 15 33 58 13 12 44 54
3 75 58 33 15 66
4 68 64 6 13 56 75
4 75 56 13 6 64 68
5 50 39 40 19 77 64 38
4 4 32 59 76 52 40
4 40 52 76 59 32 4
4 47 66 15 33 6 77
4 77 6 33 15 66 47
4 50 39 40 52 76 43
1 32 18 43
1 43 18 32
4 2 47 45 38 10 68
4 68 10 38 45 47 2
0 71 8
3 58 33 38 46 17
7 69 29 31 9 67 78 62 36 28
1 8 1 51
1 51 1 8
5 62 78 67 9 31 29 47
4 70 32 57 64 38 45
6 17 46 10 64 6 13 56 75
6 75 56 13 6 64 10 46 17
3 33 38 10 68 11
3 60 80 27 79 52
5 5 44 19 77 64 38 61
5 61 38 64 77 19 44 5
1 21 49 55
1 55 49 21
4 37 27 7 72 3 70
4 70 3 72 7 27 37
7 49 55 65 20 40 19 77 64 68
7 68 64 77 19 40 20 65 55 49
1 65 26 50
5 56 75 24 5 42 16 55
0 9 33
0 33 9
4 23 65 20 40 19 77
4 77 19 40 20 65 23
7 60 80 37 50 26 20 5 24 62
7 62 24 5 20 26 50 37 80 60
8 80 27 79 76 77 64 38 61 48 41
7 28 36 62 78 67 9 31 29 69
7 69 29 31 9 67 78 62 36 28
0 5 44
0 44 5
8 16 42 5 24 63 67 9 31 29 69
8 69 29 31 9 67 63 24 5 42 16
2 6 13 56 75
2 75 56 13 6
3 72 3 70 4 11
5 56 13 6 77 43 18 32
9 51 3 34 76 52 40 54 44 5 36 28
3 6 19 52 79 7
3 7 79 52 19 6
0 49 55
0 55 49
0 26 65
0 65 26
6 56 12 19 52 76 34 72 1
1 40 20 65
1 65 20 40
2 33 15 29 14
1 13 12 44
1 44 12 13
2 76 52 19 12
3 37 50 26 65 55
3 55 65 26 50 37
5 1 72 79 39 20 42 73
5 73 42 20 39 79 72 1
3 19 44 5 42 16
4 14 31 9 67 63 24
4 24 63 67 9 31 14
0 42 5
8 66 15 9 67 63 24 5 42 16 49
5 37 27 79 34 32 57 68
5 68 57 32 34 79 27 37
7 28 42 20 26 50 37 80 71 74
7 74 71 80 37 50 26 20 42 28
3 26 20 40 19 77
3 77 19 40 20 26
2 80 27 79 52
4 61 38 64 6 13 56
2 72 7 27 37
1 18 32 4
3 32 57 64 38 45
3 45 38 64 57 32
6 16 42 5 44 19 77 64 68
6 68 64 77 19 44 5 42 16
4 19 77 64 38 61 48
4 48 61 38 64 77 19
3 61 45 66 29 69
3 69 29 66 45 61
8 63 24 44 54 40 39 27 7 71 74
8 74 71 7 27 39 40 54 44 24 63
2 45 33 58 56
2 56 58 33 45
8 30 11 68 64 6 13 56 75 63 62
8 62 63 75 56 13 6 64 68 11 30
3 57 64 33 15 66
3 66 15 33 64 57
4 50 39 79 34 32 4
7 60 80 27 39 40 54 44 12 75
7 75 12 44 54 40 39 27 80 60
3 80 27 79 34 59
3 78 63 75 56 13
8 66 15 33 58 13 12 44 20 26 50
6 16 42 5 44 19 77 43 57
6 57 43 77 19 44 5 42 16
0 38 33
4 13 58 33 15 29 69
4 69 29 15 33 58 13
4 77 6 12 24 36 28
3 57 64 38 61 48
4 75 58 33 15 29 69
3 36 62 78 67 9
8 14 29 15 33 6 19 52 79 27 80
8 80 27 79 52 19 6 33 15 29 14
5 16 42 5 44 19 77 43
5 43 77 19 44 5 42 16
5 62 24 44 54 40 79 72
5 72 79 40 54 44 24 62
6 61 38 64 6 13 56 75 63
6 63 75 56 13 6 64 38 61
1 76 52 40
7 9 67 63 24 44 54 40 39 27
7 27 39 40 54 44 24 63 67 9
2 50 37 27 7
4 71 72 3 32 57 68
1 8 71 7
4 76 52 19 6 33 45
0 71 8
4 33 58 13 12 44 20
9 35 80 27 79 76 77 64 38 61 48 41
9 41 48 61 38 64 77 76 79 27 80 35
3 67 9 33 38 61
4 61 38 64 77 19 54
8 21 49 55 65 26 50 37 80 71 74
8 74 71 80 37 50 26 65 55 49 21
3 6 19 40 39 37
3 37 39 40 19 6
4 69 29 15 33 6 19
2 28 73 21 49
2 49 21 73 28
5 1 72 79 39 20 65 55
5 55 65 20 39 79 72 1
5 40 54 44 24 63 67 9
1 2 47 41
1 41 47 2
8 47 66 15 33 6 19 52 76 34 72
8 72 34 76 52 19 6 33 15 66 47
3 28 36 5 44 54
3 54 44 5 36 28
5 30 11 68 64 6 12 24
7 18 43 77 19 44 5 42 16 21
7 21 16 42 5 44 19 77 43 18
5 31 15 33 64 57 32 3
2 72 3 32 18
0 75 58
5 30 11 68 64 6 13 56
5 56 13 6 64 68 11 30
5 31 15 33 64 57 4 51
5 51 4 57 64 33 15 31
3 1 51 4 57 68
3 68 57 4 51 1
7 7 79 52 19 6 33 15 29 69
7 69 29 15 33 6 19 52 79 7
2 6 33 15 66
2 66 15 33 6
3 69 29 15 33 6
6 41 45 33 58 75 24 36 28
7 47 29 31 9 67 63 24 5 42
4 69 29 15 33 58 13
0 65 16
4 19 6 33 15 66 47
4 47 66 15 33 6 19
6 71 80 37 50 26 20 42 36
8 67 75 12 19 52 76 34 72 8 22
5 70 32 18 43 77 6 58
4 71 80 37 50 26 65
3 67 63 24 5 20
5 72 79 39 20 65 55 49
1 70 3 72
1 72 3 70
4 37 50 26 20 42 28
3 13 12 24 5 42
3 42 5 24 12 13
9 14 29 15 33 6 19 52 76 34 72 1
4 80 27 79 52 19 6
4 61 38 33 9 67 78
4 78 67 9 33 38 61
9 47 29 31 9 67 63 24 5 42 16 49
9 49 16 42 5 24 63 67 9 31 29 47
2 42 5 24 63
2 63 24 5 42
5 64 77 76 79 27 80 60
6 29 15 33 6 19 52 79 7
8 16 42 5 24 63 67 9 31 29 47
8 47 29 31 9 67 63 24 5 42 16
4 28 42 20 26 50 37
4 37 50 26 20 42 28
4 56 12 44 20 26 50
1 21 16 42
1 42 16 21
3 21 16 42 5 44
3 44 5 42 16 21
1 43 57 11
3 68 57 32 34 79
3 79 34 32 57 68
3 70 3 72 7 80
3 80 7 72 3 70
2 72 7 80 35
4 32 34 79 39 26 23
2 40 54 44 12
4 20 40 19 77 64 38
4 38 64 77 19 40 20
2 12 75 63 62
2 62 63 75 12
1 21 73 28
1 28 73 21
7 41 48 61 38 64 57 4 51 1
1 34 72 8
0 48 61
0 61 48
7 45 33 58 75 24 5 42 16 55
7 55 16 42 5 24 75 58 33 45
6 62 78 67 9 33 38 46 17
3 17 48 45 47 2
1 61 17 11
5 44 19 77 64 38 61 48
5 48 61 38 64 77 19 44
6 41 48 61 38 64 43 59 34
1 79 34 32
6 68 64 6 13 56 75 63 62
3 55 65 23 35 60
3 60 35 23 65 55
7 17 46 10 64 77 19 40 39 37
7 37 39 40 19 77 64 10 46 17
1 7 27 37
1 37 27 7
2 64 38 61 48
1 38 46 17
1 7 27 37
1 37 27 7
5 29 15 33 64 57 32 3
1 11 68 10
3 20 40 52 76 59
3 59 76 52 40 20
4 12 6 77 43 18 32
4 32 18 43 77 6 12
7 69 29 15 33 6 19 52 79 7
4 79 76 77 64 38 61
4 40 19 6 33 15 29
7 13 12 44 54 40 39 27 80 60
7 60 80 27 39 40 54 44 12 13
2 10 64 77 19
2 19 77 64 10
1 39 37 35
2 44 20 65 55
2 55 65 20 44
0 72 3
4 44 54 40 39 27 7
3 2 69 29 15 33
3 33 15 29 69 2
5 24 44 54 40 79 72 8
6 21 16 42 5 44 54 40 52
6 52 40 54 44 5 42 16 21
4 11 17 48 45 15 31
4 31 15 45 48 17 11
1 42 73 25
3 13 56 75 63 62
3 62 63 75 56 13
4 31 15 33 6 77 43
4 43 77 6 33 15 31
5 43 76 52 40 20 65 23
2 23 37 27 7
0 34 32
4 57 43 77 6 12 24
1 19 40 20
1 20 40 19
9 30 4 32 59 76 52 40 54 44 5 42
9 42 5 44 54 40 52 76 59 32 4 30
8 22 71 80 37 50 26 20 42 73 25
8 25 73 42 20 26 50 37 80 71 22
8 48 61 38 64 77 19 40 20 65 55
8 55 65 20 40 19 77 64 38 61 48
5 57 32 34 79 39 26 23
4 63 75 56 13 6 77
4 77 6 13 56 75 63
3 75 24 36 28 25
1 60 71 8
7 38 64 77 19 44 5 42 16 21
4 64 33 15 29 69 2
3 2 47 45 61 46
3 46 61 45 47 2
3 44 54 40 52 76
3 76 52 40 54 44
6 20 44 12 13 58 33 15 66
6 66 15 33 58 13 12 44 20
10 2 69 29 31 9 67 78 62 36 28 25 53
10 53 25 28 36 62 78 67 9 31 29 69 2
5 49 16 42 5 24 75 58
5 58 75 24 5 42 16 49
3 28 36 5 44 19
4 30 11 68 64 6 58
4 58 6 64 68 11 30
4 12 19 52 76 34 3
6 2 69 29 15 33 58 13 12
6 12 13 58 33 15 29 69 2
3 58 6 64 68 11
0 34 72
0 72 34
2 39 20 42 28
6 16 42 5 44 19 77 43 18
6 18 43 77 19 44 5 42 16
5 67 78 62 36 28 25 53
4 70 32 34 79 39 50
2 54 40 79 72
2 72 79 40 54
9 48 61 38 64 77 19 40 20 65 55 49
9 49 55 65 20 40 19 77 64 38 61 48
2 19 12 75 67
2 67 75 12 19
8 66 15 9 67 63 24 5 42 16 21
7 72 34 76 52 19 6 33 15 66
3 78 63 75 12 19
4 5 20 26 50 37 27
4 27 37 50 26 20 5
1 28 73 16
0 27 39
0 39 27
5 72 34 76 52 19 12 13
3 72 34 59 43 77
3 77 43 59 34 72
4 48 61 38 64 43 59
4 59 43 64 38 61 48
9 1 72 34 76 52 19 6 33 15 29 69
9 69 29 15 33 6 19 52 76 34 72 1
5 60 80 27 79 52 19 6
4 60 80 27 79 34 59
1 54 40 79
1 79 40 54
5 46 68 57 32 3 72 71
5 71 72 3 32 57 68 46
3 51 72 7 27 37
6 56 12 44 54 40 39 27 80
6 80 27 39 40 54 44 12 56
3 7 79 52 19 12
3 12 19 52 79 7
4 59 34 79 27 80 35
3 60 80 27 39 40
6 16 42 5 44 19 77 64 38
6 38 64 77 19 44 5 42 16
5 78 63 24 44 54 40 39
3 50 39 79 34 59
3 59 34 79 39 50
5 68 64 77 19 44 5 42
5 55 16 42 5 24 63 67
5 67 63 24 5 42 16 55
1 52 79 7
1 56 75 63
1 63 75 56
1 12 75 67
1 67 75 12
7 42 5 44 19 77 64 10 46 17
6 17 46 10 64 77 76 79 7
7 7 27 39 40 54 44 24 63 67
7 67 63 24 44 54 40 39 27 7
3 75 67 9 31 14
1 19 6 33
1 33 6 19
3 26 20 40 19 77
3 77 19 40 20 26
6 67 63 24 5 20 26 50 37
6 36 5 44 54 40 52 76 34
5 74 71 80 37 50 26 65
3 72 79 40 54 44
0 75 12
4 37 50 26 65 55 49
4 49 55 65 26 50 37
5 30 4 32 59 76 52 40
5 40 52 76 59 32 4 30
2 55 16 42 5
4 22 8 72 3 32 18
0 24 63
0 63 24
0 34 72
0 72 34
5 21 16 42 20 39 79 72
5 72 79 39 20 42 16 21
6 59 43 77 6 33 15 66 47
5 5 24 63 67 9 31 29
5 29 31 9 67 63 24 5
6 80 37 50 26 20 5 24 62
7 25 28 36 24 12 6 77 43 18
3 18 43 77 6 12
2 52 40 54 44
3 76 52 19 12 75
3 39 79 34 32 70
3 70 32 34 79 39
4 38 64 77 76 79 27
2 70 32 57 68
5 66 15 33 6 19 52 76
5 76 52 19 6 33 15 66
5 24 44 54 40 39 27 7
4 13 58 33 15 66 47
4 47 66 15 33 58 13
9 22 8 72 34 76 52 19 12 75 63 78
9 78 63 75 12 19 52 76 34 72 8 22
3 39 27 7 71 74
3 74 71 7 27 39
9 69 29 31 9 67 63 24 5 42 16 49
7 41 45 33 58 75 24 36 28 25
3 77 43 59 34 72
3 39 20 42 73 53
3 53 73 42 20 39
8 9 67 75 12 19 52 76 34 72 8
1 64 6 12
2 51 70 32 59
2 59 32 70 51
6 39 40 54 44 24 63 67 9
2 80 27 79 76
4 35 23 65 55 49 21
3 63 75 12 19 52
2 16 42 20 39
2 39 20 42 16
4 59 34 79 27 80 60
4 60 80 27 79 34 59
3 37 27 79 34 32
5 57 43 77 6 13 56 75
5 75 56 13 6 77 43 57
1 57 43 77
1 77 43 57
4 75 24 5 42 16 49
3 53 73 16 65 23
5 40 52 76 59 18 57 11
3 27 7 71 8 1
2 19 77 64 10
4 12 24 5 42 16 21
4 21 16 42 5 24 12
1 20 26 50
1 50 26 20
0 30 51
0 51 30
7 46 10 64 77 19 44 5 42 16
0 71 60
1 68 64 6
7 18 43 77 6 13 56 75 63 78
7 78 63 75 56 13 6 77 43 18
8 17 46 10 64 77 19 40 20 65 55
8 55 65 20 40 19 77 64 10 46 17
7 61 38 64 6 12 24 36 28 25
3 1 8 71 80 37
3 37 80 71 8 1
1 53 25 28
3 6 19 40 20 26
3 26 20 40 19 6
5 2 69 29 15 33 6 77
5 77 6 33 15 29 69 2
5 36 62 78 67 9 31 29
0 77 6
6 70 32 18 43 77 6 58 9
4 27 79 76 77 64 10
5 10 68 57 32 3 72 8
3 12 19 52 79 7
5 55 65 20 39 79 34 3
3 67 63 24 5 42
3 40 54 44 5 36
3 39 79 34 32 57
3 57 32 34 79 39
4 42 20 39 79 72 51
4 51 72 79 39 20 42
1 33 58 75
1 75 58 33
5 8 72 34 76 52 19 6
2 54 44 12 13
7 31 9 67 63 24 5 42 16 55
7 55 16 42 5 24 63 67 9 31
5 41 48 61 38 64 57 18
6 35 80 27 79 76 77 64 38
6 38 64 77 76 79 27 80 35
4 56 75 24 36 28 25
6 78 63 75 12 19 52 76 34
6 66 15 33 6 19 52 79 7
4 41 48 61 38 64 77
4 77 64 38 61 48 41
1 14 29 15
1 15 29 14
4 31 15 33 64 57 32
4 32 57 64 33 15 31
9 9 67 63 24 44 54 40 39 27 7 71
9 71 7 27 39 40 54 44 24 63 67 9
1 19 52 79
1 79 52 19
4 79 76 77 64 38 61
7 50 26 20 5 24 63 67 9 31
7 55 65 20 40 52 76 59 18 57
7 57 18 59 76 52 40 20 65 55
0 36 28
7 21 16 42 5 44 19 77 43 18
4 34 59 43 64 38 61
4 61 38 64 43 59 34
6 36 62 78 67 9 31 29 69
6 69 29 31 9 67 78 62 36
0 18 43
0 43 18
0 45 47
0 47 45
3 76 59 32 4 30
2 54 44 5 36
1 58 6 19
3 2 69 29 31 9
3 9 31 29 69 2
5 50 39 40 19 77 64 10
4 31 15 45 38 10 68
4 68 10 38 45 15 31
1 9 31 29
1 29 31 9
5 80 27 79 52 19 6 58
2 59 43 77 6
0 66 47
3 65 20 40 19 6
1 64 77 19
2 18 32 70 51
2 51 70 32 18
4 39 40 19 77 64 68
4 68 64 77 19 40 39
5 13 12 19 52 76 34 3
2 34 76 52 40
2 40 52 76 34
3 64 77 19 40 39
3 75 24 36 28 73
3 57 64 33 15 29
6 1 72 34 76 52 19 6 58
6 58 6 19 52 76 34 72 1
2 38 45 15 31
4 11 17 48 45 66 29
4 29 66 45 48 17 11
6 55 65 26 50 37 80 71 22
2 35 37 39 40
2 40 39 37 35
2 68 64 77 19
3 77 43 18 32 3
1 69 29 15
3 6 19 52 79 27
3 27 79 52 19 6
10 2 69 29 15 33 58 13 12 44 20 26 50
10 50 26 20 44 12 13 58 33 15 29 69 2
3 61 38 33 9 67
3 67 9 33 38 61
2 10 64 77 76
2 76 77 64 10
2 26 20 42 36
2 36 42 20 26
0 69 2
6 64 77 19 44 5 42 16 21
1 12 44 54
1 54 44 12
5 4 57 43 77 6 58 9
5 9 58 6 77 43 57 4
6 51 4 57 64 33 15 29 14
6 37 50 26 20 44 12 13 58
6 58 13 12 44 20 26 50 37
0 35 23
5 17 46 10 64 77 19 54
5 54 19 77 64 10 46 17
6 42 5 44 19 77 64 10 46
6 46 10 64 77 19 44 5 42
1 57 4 30
9 60 80 27 79 52 19 6 33 15 29 14
3 9 67 75 56 13
3 13 56 75 67 9
4 63 24 5 42 16 21
3 79 40 54 44 24
5 17 46 10 64 6 12 24
5 24 12 6 64 10 46 17
5 60 80 37 50 26 20 5
2 58 6 77 43
4 57 64 33 15 29 69
4 69 29 15 33 64 57
8 48 61 38 64 77 76 79 27 80 60
8 60 80 27 79 76 77 64 38 61 48
3 29 15 33 6 19
6 74 71 72 3 32 57 68 17
3 76 79 27 80 60
1 40 54 44
1 44 54 40
4 34 76 52 19 6 33
4 9 67 63 24 5 42
4 42 5 24 63 67 9
6 14 31 9 67 63 24 5 20
6 20 5 24 63 67 9 31 14
6 55 65 26 50 37 80 71 22
3 64 33 15 29 69
3 69 29 15 33 64
5 43 77 6 13 56 75 63
5 63 75 56 13 6 77 43
3 13 6 64 68 11
4 38 64 43 59 34 72
4 72 34 59 43 64 38
8 66 15 33 58 13 12 44 20 65 23
3 35 80 27 79 34
4 3 32 57 64 33 15
4 15 33 64 57 32 3
9 4 32 59 76 52 40 54 44 5 36 28
9 28 36 5 44 54 40 52 76 59 32 4
1 32 34 79
1 79 34 32
2 7 27 37 23
2 23 37 27 7
3 42 20 39 79 72
3 72 79 39 20 42
5 55 65 20 39 79 34 3
2 33 38 10 68
2 68 10 38 33
3 22 71 7 27 39
3 39 27 7 71 22
3 42 5 44 19 6
4 60 35 23 65 42 36
2 20 39 79 72
2 72 79 39 20
2 46 38 33 9
3 15 33 58 13 12
5 56 13 6 77 43 18 32
6 66 15 9 67 63 24 5 42
0 17 68
0 68 17
5 57 18 59 76 52 40 20
3 15 33 6 19 40
3 40 19 6 33 15
2 50 39 40 54
2 54 40 39 50
2 62 63 75 12
4 45 33 58 75 24 36
2 46 68 11 30
3 55 65 20 40 19
6 68 64 77 19 44 5 42 16
3 56 12 19 52 79
3 79 52 19 12 56
8 51 70 32 18 43 77 6 13 56 75
8 75 56 13 6 77 43 18 32 70 51
9 70 32 59 76 52 40 54 44 5 42 16
2 59 18 57 11
2 68 10 38 45
3 52 76 59 32 4
4 64 6 12 24 36 28
3 24 63 67 9 31
3 31 9 67 63 24
4 67 78 62 36 28 73
4 73 28 36 62 78 67
4 4 57 64 38 61 48
4 48 61 38 64 57 4
5 36 42 20 26 50 37 80
5 80 37 50 26 20 42 36
6 35 80 27 79 52 19 6 33
3 29 66 45 38 10
4 52 40 20 65 55 49
6 25 73 42 20 26 50 37 27
6 27 37 50 26 20 42 73 25
7 47 29 31 9 67 78 62 36 28
7 54 44 12 13 58 33 15 29 69
7 69 29 15 33 58 13 12 44 54
1 75 67 9
1 24 44 54
1 54 44 24
3 19 77 64 68 11
3 50 37 80 71 22
0 15 33
0 33 15
4 50 39 79 34 32 70
4 70 32 34 79 39 50
3 15 45 38 10 68
3 68 10 38 45 15
6 14 29 15 33 6 77 43 18
6 18 43 77 6 33 15 29 14
4 68 10 38 45 47 2
3 50 37 80 71 22
6 34 76 52 19 12 75 63 78
6 78 63 75 12 19 52 76 34
5 63 24 5 20 26 50 37
4 78 63 24 44 54 40
4 16 42 5 44 19 77
4 77 19 44 5 42 16
3 67 9 31 29 69
3 69 29 31 9 67
6 65 20 40 19 77 64 38 61
8 29 15 33 6 19 52 76 34 72 8
5 66 15 33 6 19 52 79
5 79 52 19 6 33 15 66
9 51 70 32 18 43 77 6 13 56 75 67
9 67 75 56 13 6 77 43 18 32 70 51
6 20 40 19 77 64 10 46 17
6 52 40 54 44 5 42 16 21
1 38 45 66
1 66 45 38
6 41 48 61 38 64 57 4 51
6 51 4 57 64 38 61 48 41
9 4 32 59 76 52 40 54 44 5 36 28
9 28 36 5 44 54 40 52 76 59 32 4
3 52 40 54 44 5
4 1 51 4 57 64 38
4 38 64 57 4 51 1
9 2 69 29 31 9 67 63 24 5 42 16
9 16 42 5 24 63 67 9 31 29 69 2
3 74 71 72 3 32
8 55 16 42 5 24 75 58 33 45 41
0 28 73
0 73 28
4 29 15 33 58 13 12
3 5 24 63 67 9
3 9 67 63 24 5
1 51 72 71
1 71 72 51
3 39 20 42 73 53
3 53 73 42 20 39
4 9 33 38 10 68 11
4 11 68 10 38 33 9
9 69 29 15 33 6 19 52 79 27 80 60
3 63 24 5 20 26
7 46 10 64 77 19 40 20 65 23
4 77 43 59 34 72 1
1 50 37 80
1 80 37 50
6 5 44 54 40 52 76 34 3
3 69 29 66 45 38
4 18 43 77 6 33 15
5 69 29 31 9 67 63 24
8 55 65 20 40 19 77 64 38 61 48
2 16 73 28 36
2 36 28 73 16
6 11 57 18 59 76 52 40 20
6 20 40 52 76 59 18 57 11
1 44 24 62
1 62 24 44
2 42 65 23 35
1 34 3 51
1 51 3 34
7 45 33 58 75 24 5 42 16 55
7 55 16 42 5 24 75 58 33 45
3 30 51 72 7 27
6 80 27 39 40 54 44 12 75
3 50 26 20 42 28
2 27 7 72 51
2 51 72 7 27
8 60 80 27 79 52 19 6 33 15 31
6 5 44 19 77 64 38 61 48
6 48 61 38 64 77 19 44 5
10 69 29 15 33 6 19 52 76 34 72 8 22
2 62 78 67 9
2 45 66 29 69
2 69 29 66 45
4 57 32 3 72 71 60
4 60 71 72 3 32 57
1 24 12 19
3 32 59 76 52 19
8 32 59 76 52 40 54 44 5 42 73
8 73 42 5 44 54 40 52 76 59 32
8 53 25 28 36 62 78 67 9 15 66
8 66 15 9 67 78 62 36 28 25 53
6 43 76 52 40 20 65 55 49
6 49 55 65 20 40 52 76 43
4 72 79 39 20 42 73
4 73 42 20 39 79 72
6 28 42 20 26 50 37 80 71
6 71 80 37 50 26 20 42 28
3 19 6 33 15 29
3 29 15 33 6 19
3 51 4 57 68 46
3 79 34 32 4 30
9 28 36 5 44 54 40 52 76 59 32 4
2 29 66 45 48
2 48 45 66 29
0 57 43
5 57 18 59 76 52 40 54
6 31 9 67 63 24 5 20 65
6 65 20 5 24 63 67 9 31
1 65 20 54
5 3 34 79 39 20 42 16
5 16 42 20 39 79 34 3
5 24 5 20 26 50 37 35
5 35 37 50 26 20 5 24
2 41 45 66 29
2 52 76 34 3
0 77 43
4 27 39 40 54 44 24
3 65 42 36 62 78
3 78 62 36 42 65
3 52 79 27 80 35
2 43 18 32 3
9 16 42 5 44 54 40 52 76 59 32 70
9 70 32 59 76 52 40 54 44 5 42 16
0 38 45
0 45 38
0 38 46
0 46 38
5 7 79 76 77 64 10 46
5 46 10 64 77 76 79 7
4 19 6 33 15 29 69
4 69 29 15 33 6 19
8 62 63 75 56 13 6 77 43 57 4
5 74 71 7 79 76 77 64
3 51 4 57 68 17
5 50 39 79 34 32 57 11
7 45 33 58 75 24 36 28 25 53
7 53 25 28 36 24 75 58 33 45
6 46 68 57 32 3 72 71 74
6 74 71 72 3 32 57 68 46
6 15 33 6 19 52 76 34 72
6 72 34 76 52 19 6 33 15
2 17 68 57 32
2 32 57 68 17
9 69 29 31 9 67 63 24 5 42 16 21
6 18 43 77 6 13 56 75 63
6 63 75 56 13 6 77 43 18
4 55 65 20 39 79 34
0 5 44
0 44 5
4 30 51 1 8 22 74
4 74 22 8 1 51 30
3 9 33 38 10 68
3 68 10 38 33 9
6 71 80 37 50 26 20 42 28
2 56 12 19 52
4 63 24 5 42 16 49
4 67 63 24 5 20 65
7 17 46 10 64 77 19 40 39 37
7 37 39 40 19 77 64 10 46 17
5 76 52 19 12 75 63 62
5 9 67 78 62 36 28 73
5 73 28 36 62 78 67 9
5 55 16 42 5 24 75 56
5 56 75 24 5 42 16 55
5 64 77 19 40 20 65 23
1 39 20 5
3 43 77 6 13 56
3 56 13 6 77 43
4 19 40 20 65 55 49
4 49 55 65 20 40 19
8 41 45 33 58 75 24 5 42 16 55
8 55 16 42 5 24 75 58 33 45 41
6 12 19 52 76 34 72 8 22
6 22 8 72 34 76 52 19 12
9 48 61 38 64 77 19 44 5 42 16 21
6 9 58 6 77 43 18 32 70
6 70 32 18 43 77 6 58 9
4 80 27 79 76 77 64
3 41 45 66 29 14
4 64 6 12 24 36 28
8 78 63 75 12 19 52 76 34 72 1
1 16 73 25
1 25 73 16
4 14 31 9 67 63 24
4 24 63 67 9 31 14
0 17 68
0 68 17
1 31 15 33
1 33 15 31
4 10 38 45 66 29 69
4 69 29 66 45 38 10
6 69 29 31 9 67 63 24 5
2 77 76 79 7
9 53 25 28 36 62 78 67 9 31 29 69
9 69 29 31 9 67 78 62 36 28 25 53
4 14 29 66 45 48 17
4 17 48 45 66 29 14
1 11 17 61
1 61 17 11
3 37 27 7 72 51
3 51 72 7 27 37
2 51 4 57 68
2 68 57 4 51
5 67 75 56 13 6 77 43
4 1 8 71 80 37 50
4 50 37 80 71 8 1
9 70 32 18 43 77 6 13 56 75 63 78
9 78 63 75 56 13 6 77 43 18 32 70
8 2 69 29 15 33 6 19 40 39 37
8 37 39 40 19 6 33 15 29 69 2
7 55 16 42 5 24 63 67 9 15
7 61 38 64 77 19 40 20 65 23
6 2 69 29 15 33 6 77 43
6 43 77 6 33 15 29 69 2
2 55 65 20 44
0 64 43
5 80 27 39 40 54 44 12
6 2 69 29 15 33 64 57 4
6 4 57 64 33 15 29 69 2
6 80 27 79 52 19 6 33 15
0 20 42
0 42 20
2 27 7 71 8
3 13 58 33 15 29
3 29 15 33 58 13
3 75 12 19 52 79
3 79 52 19 12 75
0 24 75
0 75 24
0 48 45
9 25 28 36 62 78 67 9 31 29 69 2
7 2 69 29 15 33 6 19 52 79
7 79 52 19 6 33 15 29 69 2
7 16 42 5 24 63 67 9 31 14
8 53 25 28 36 24 12 6 77 43 18
3 56 75 24 36 28
5 13 12 19 52 79 7 71
5 71 7 79 52 19 12 13
6 22 8 72 34 76 52 19 12
10 2 69 29 31 9 67 63 24 5 42 16 55
10 55 16 42 5 24 63 67 9 31 29 69 2
2 15 29 69 2
3 69 29 31 9 67
3 75 58 33 45 48
1 74 71 7
6 76 52 19 6 33 15 29 69
1 5 44 19
1 19 44 5
1 63 24 5
3 64 77 19 40 39
1 38 46 17
9 69 29 31 9 67 78 62 36 28 25 53
9 30 4 32 59 76 52 40 54 44 5 42
9 42 5 44 54 40 52 76 59 32 4 30
6 22 71 80 37 50 26 20 5
7 69 29 15 33 6 19 52 76 34
5 76 52 40 54 44 5 42
3 77 6 33 15 29
4 17 46 10 64 6 12
5 62 24 5 20 26 50 37
1 30 4 57
1 57 4 30
5 4 32 34 79 39 26 23
5 23 26 39 79 34 32 4
7 63 75 56 13 6 77 43 18 32
6 11 57 18 59 76 52 40 20
6 20 40 52 76 59 18 57 11
9 2 69 29 15 33 58 13 12 44 20 26
9 26 20 44 12 13 58 33 15 29 69 2
5 56 13 6 64 10 46 17
1 64 6 13
6 33 58 75 24 36 28 25 53
6 53 25 28 36 24 75 58 33
6 17 46 38 33 9 67 78 62
6 62 78 67 9 33 38 46 17
5 46 10 64 77 19 40 39
3 19 6 33 15 66
3 66 15 33 6 19
4 72 3 32 57 68 46
7 27 79 52 19 6 33 15 29 69
7 69 29 15 33 6 19 52 79 27
4 74 71 7 79 76 43
5 32 18 43 77 6 13 56
5 56 13 6 77 43 18 32
3 32 57 64 38 61
3 61 38 64 57 32
4 32 34 79 27 80 35
4 35 80 27 79 34 32
7 35 80 27 79 76 77 64 10 46
7 46 10 64 77 76 79 27 80 35
2 66 45 61 46
6 17 46 10 64 77 19 40 20
6 20 40 19 77 64 10 46 17
6 71 7 27 39 40 54 44 24
2 36 24 12 6
5 68 10 38 45 66 29 69
5 69 29 66 45 38 10 68
4 10 64 77 19 44 5
2 50 26 65 55
2 55 65 26 50
4 75 56 13 6 64 68
4 40 19 6 33 15 66
4 66 15 33 6 19 40
1 33 6 19
3 6 19 52 79 27
3 27 79 52 19 6
4 13 58 33 15 29 69
4 69 29 15 33 58 13
4 34 76 52 40 54 44
4 44 54 40 52 76 34
4 1 51 4 57 68 17
4 17 68 57 4 51 1
4 79 40 54 44 5 36
3 62 36 28 73 16
1 33 15 31
2 35 23 65 55
2 55 65 23 35
4 6 19 52 79 7 71
4 71 7 79 52 19 6
2 12 44 20 26
2 26 20 44 12
5 11 4 70 3 72 8 22
5 22 8 72 3 70 4 11
7 62 24 5 20 26 50 37 80 60
3 28 36 24 75 56
3 56 75 24 36 28
5 80 27 79 34 32 57 68
5 73 42 5 44 19 77 64
3 38 64 77 76 79
3 79 76 77 64 38
2 42 20 26 50
2 50 26 20 42
1 19 12 75
1 75 12 19
5 14 29 15 33 6 19 52
5 52 19 6 33 15 29 14
4 11 68 64 77 19 44
4 44 19 77 64 68 11
3 39 20 42 73 25
2 59 34 72 71
2 71 72 34 59
5 7 79 76 77 64 10 46
5 46 10 64 77 76 79 7
3 45 33 58 13 12
3 68 64 6 13 56
4 69 29 31 9 67 78
4 78 67 9 31 29 69
8 29 15 33 58 13 12 44 20 26 50
8 50 26 20 44 12 13 58 33 15 29
4 9 58 6 77 43 57
4 57 43 77 6 58 9
5 25 28 36 5 44 54 40
5 40 54 44 5 36 28 25
1 76 59 18
2 24 75 58 33
2 33 58 75 24
7 48 61 38 64 77 19 40 20 65
7 65 20 40 19 77 64 38 61 48
2 2 69 29 66
2 66 29 69 2
9 60 80 27 79 52 19 6 33 15 66 47
10 69 29 15 33 6 19 52 76 34 72 8 22
4 10 64 77 76 79 27
4 27 79 76 77 64 10
4 46 61 45 66 29 69
4 69 29 66 45 61 46
2 17 68 57 4
3 66 15 33 58 13
1 16 73 53
1 53 73 16
2 21 73 28 36
2 36 28 73 21
10 2 69 29 15 33 6 19 52 76 34 72 1
1 6 64 10
1 10 64 6
1 57 4 30
4 50 39 79 34 32 4
8 47 29 31 9 67 78 62 36 28 25
5 36 62 78 67 9 31 14
6 9 58 6 77 43 18 32 70
6 70 32 18 43 77 6 58 9
4 32 59 76 52 40 20
1 36 42 20
6 42 5 44 19 77 64 10 46
6 46 10 64 77 19 44 5 42
0 79 39
0 66 15
2 43 18 32 3
6 60 80 27 79 76 77 64 10
4 55 65 26 50 37 80
4 80 37 50 26 65 55
2 45 33 58 56
2 56 58 33 45
3 32 34 79 39 50
3 50 39 79 34 32
3 17 46 38 33 9
4 80 27 79 34 59 18
2 12 75 63 78
2 78 63 75 12
4 42 20 26 50 37 80
4 80 37 50 26 20 42
5 44 54 40 52 76 34 3
6 21 49 55 65 26 50 37 27
6 27 37 50 26 65 55 49 21
0 22 8
0 78 63
7 53 73 42 5 44 54 40 52 76
7 76 52 40 54 44 5 42 73 53
3 22 8 72 3 70
3 70 3 72 8 22
0 43 64
0 64 43
1 72 8 22
3 73 28 36 62 78
3 78 62 36 28 73
5 53 73 42 20 26 50 37
7 5 44 54 40 52 76 59 32 4
1 39 40 54
1 54 40 39
3 44 19 77 64 38
0 71 8
4 67 63 24 5 20 65
2 7 72 51 30
2 30 51 72 7
2 19 52 76 59
2 59 76 52 19
2 8 72 79 40
2 40 79 72 8
2 66 15 33 6
5 55 65 26 50 37 80 71
5 71 80 37 50 26 65 55
2 1 72 34 76
2 76 34 72 1
7 60 80 27 39 40 54 44 12 75
7 75 12 44 54 40 39 27 80 60
0 11 4
2 16 65 23 35
2 35 23 65 16
3 1 72 79 39 20
3 20 39 79 72 1
6 23 65 20 40 19 77 64 38
6 38 64 77 19 40 20 65 23
4 24 12 6 64 38 61
4 61 38 64 6 12 24
3 11 68 64 77 19
3 19 77 64 68 11
6 50 26 20 44 12 13 58 33
1 26 50 37
1 37 50 26
6 49 55 65 20 40 19 77 64
6 64 77 19 40 20 65 55 49
6 18 43 77 6 13 56 75 67
6 67 75 56 13 6 77 43 18
1 42 20 26
5 27 37 50 26 20 42 28
5 28 42 20 26 50 37 27
2 63 75 58 33
7 50 26 20 44 12 13 58 33 15
8 60 80 27 79 52 19 6 33 15 29
3 10 68 57 32 70
3 70 32 57 68 10
0 64 57
5 56 13 6 64 10 46 17
5 77 6 13 56 75 63 78
5 78 63 75 56 13 6 77
1 54 40 52
1 11 68 64
1 64 68 11
3 70 3 72 71 60
8 16 42 5 44 19 77 64 38 61 48
8 48 61 38 64 77 19 44 5 42 16
0 48 17
5 31 15 33 6 77 43 18
9 3 34 76 52 40 54 44 5 36 28 25
9 25 28 36 5 44 54 40 52 76 34 3
5 75 56 13 6 64 38 61
5 4 57 43 77 6 58 9
5 9 58 6 77 43 57 4
5 13 12 24 36 28 25 53
5 53 25 28 36 24 12 13
3 23 26 39 79 72
3 72 79 39 26 23
2 33 64 57 32
4 13 6 64 10 46 17
4 17 46 10 64 6 13
2 41 48 17 68
2 68 17 48 41
4 33 6 19 40 39 37
4 37 39 40 19 6 33
1 66 45 38
7 8 71 80 37 50 26 20 42 28
7 28 42 20 26 50 37 80 71 8
8 21 16 42 5 24 63 67 9 31 29
8 29 31 9 67 63 24 5 42 16 21
4 7 72 3 32 57 68
4 68 57 32 3 72 7
1 76 79 7
1 4 32 59
1 59 32 4
4 56 12 44 54 40 39
3 3 34 79 39 50
3 50 39 79 34 3
0 19 6
4 58 6 77 43 18 32
4 58 6 77 43 18 32
6 55 65 20 40 19 77 64 10
0 64 68
0 68 64
2 26 20 5 24
6 55 65 20 40 19 77 64 10
4 12 19 52 76 34 72
4 72 34 76 52 19 12
5 47 45 38 64 57 4 51
5 51 4 57 64 38 45 47
3 79 52 19 6 58
0 39 27
0 16 42
0 42 16
5 5 20 26 50 37 80 71
5 71 80 37 50 26 20 5
2 32 3 72 7
0 72 51
5 12 19 52 76 34 72 1
5 34 79 39 20 42 16 21
3 32 59 76 52 40
3 40 52 76 59 32
4 30 11 17 48 45 47
4 47 45 48 17 11 30
2 27 7 71 8
2 22 8 72 34
2 34 72 8 22
1 49 55 65
1 65 55 49
3 57 64 38 61 48
3 35 23 65 42 28
0 5 24
0 24 5
1 12 19 52
1 52 19 12
4 18 57 64 38 61 48
4 48 61 38 64 57 18
7 74 71 80 37 50 26 65 55 49
1 54 20 65
1 65 20 54
3 51 4 57 68 17
2 17 68 57 4
8 69 29 15 33 6 19 52 79 27 80
8 80 27 79 52 19 6 33 15 29 69
2 44 20 26 50
2 50 26 20 44
10 47 66 15 33 6 19 52 76 34 72 8 22
4 9 67 63 24 5 20
4 20 5 24 63 67 9
5 55 16 42 5 24 75 58
5 58 75 24 5 42 16 55
6 5 44 54 40 52 76 59 32
6 32 59 76 52 40 54 44 5
3 25 73 42 20 39
3 39 20 42 73 25
2 59 43 64 10
3 24 63 67 9 15
2 66 15 9 67
2 67 9 15 66
1 18 32 3
2 34 32 57 11
2 3 34 79 39
2 39 79 34 3
2 27 39 40 54
2 54 40 39 27
2 7 79 76 43
2 43 76 79 7
1 9 67 75
1 75 67 9
8 42 5 44 54 40 52 76 59 32 4
1 77 19 40
2 58 75 24 5
5 60 80 27 79 76 77 64
5 64 77 76 79 27 80 60
3 62 36 28 73 16
3 47 66 15 33 6
5 54 40 52 76 59 18 57
5 57 18 59 76 52 40 54
2 48 17 11 30
0 23 65
0 65 23
5 48 61 38 64 77 19 40
2 19 52 76 34
2 34 76 52 19
4 50 26 65 55 49 21
4 72 79 39 20 42 28
6 26 20 5 24 63 67 9 31
6 31 9 67 63 24 5 20 26
8 22 8 72 34 76 52 19 12 75 67
8 67 75 12 19 52 76 34 72 8 22
6 57 43 77 19 44 5 42 16
8 22 71 80 37 50 26 20 42 73 53
8 53 73 42 20 26 50 37 80 71 22
0 7 79
0 79 7
2 58 33 15 66
2 66 15 33 58
4 15 33 6 19 40 39
4 39 40 19 6 33 15
1 33 38 61
1 61 38 33
2 77 76 79 7
2 38 64 77 76
2 76 77 64 38
5 68 57 32 3 72 71 60
0 60 35
6 20 40 52 76 59 32 4 30
6 30 4 32 59 76 52 40 20
7 68 64 77 19 44 5 42 16 21
3 50 26 20 44 12
5 1 72 79 39 20 42 28
5 28 42 20 39 79 72 1
0 74 22
8 14 31 9 67 63 24 5 20 26 50
8 50 26 20 5 24 63 67 9 31 14
3 69 29 31 9 67
4 23 65 20 40 52 76
4 76 52 40 20 65 23
0 18 32
0 32 18
4 13 6 77 43 18 32
4 32 18 43 77 6 13
3 70 32 57 68 46
3 12 6 77 43 18
3 18 43 77 6 12
1 4 51 1
6 45 33 6 19 52 79 7 71
6 71 7 79 52 19 6 33 45
4 61 38 64 6 13 56
0 57 32
2 5 44 19 77
2 77 19 44 5
7 4 32 59 76 52 40 20 65 55
7 55 65 20 40 52 76 59 32 4
3 8 72 3 70 4
1 34 72 1
3 58 6 19 52 79
3 79 52 19 6 58
3 2 47 45 61 46
3 46 61 45 47 2
3 65 20 44 12 56
4 73 42 20 39 79 34
4 7 79 76 77 64 38
4 38 64 77 76 79 7
7 65 20 44 12 13 58 33 15 29
5 3 32 57 64 33 15 29
5 29 15 33 64 57 32 3
0 46 38
4 29 15 33 6 77 43
4 43 77 6 33 15 29
4 28 36 62 78 67 9
5 18 43 77 6 12 24 36
5 36 24 12 6 77 43 18
2 40 20 65 23
5 32 59 76 52 40 54 44
5 44 54 40 52 76 59 32
7 29 15 33 6 19 52 79 7 71
7 71 7 79 52 19 6 33 15 29
4 79 40 54 44 24 62
4 23 65 20 44 12 56
4 56 12 44 20 65 23
3 12 24 36 28 25
3 25 28 36 24 12
3 54 44 5 36 28
7 80 37 50 26 20 5 24 63 78
4 62 24 44 54 40 39
7 35 80 27 79 76 77 64 10 46
7 46 10 64 77 76 79 27 80 35
3 67 9 31 29 69
3 69 29 31 9 67
5 74 71 7 79 76 77 64
1 26 65 55
1 55 65 26
1 26 20 5
1 63 24 44
8 41 45 33 58 75 24 5 42 16 55
8 55 16 42 5 24 75 58 33 45 41
4 18 43 77 6 12 24
4 24 12 6 77 43 18
6 50 39 40 19 77 64 10 46
6 15 33 6 19 52 79 27 80
6 80 27 79 52 19 6 33 15
6 59 43 77 6 33 15 29 69
6 69 29 15 33 6 77 43 59
6 56 13 6 77 43 18 32 70
6 70 32 18 43 77 6 13 56
3 13 6 64 38 61
3 61 38 64 6 13
1 17 48 45
1 45 48 17
4 58 6 64 68 11 30
6 35 37 50 26 20 44 12 13
1 28 73 21
6 1 72 79 39 20 42 16 21
6 21 16 42 20 39 79 72 1
1 4 32 59
1 59 32 4
3 27 7 72 51 30
3 30 51 72 7 27
2 63 24 5 42
3 25 73 21 49 55
3 55 49 21 73 25
0 16 42
0 42 16
5 79 76 77 64 10 46 17
5 7 79 52 19 6 33 45
5 45 33 6 19 52 79 7
8 16 42 5 44 19 77 64 10 46 17
8 17 46 10 64 77 19 44 5 42 16
6 33 58 13 12 44 20 65 23
3 38 33 9 67 78
3 78 67 9 33 38
4 3 34 76 52 40 54
4 54 40 52 76 34 3
6 74 71 7 79 52 19 12 13
0 36 28
6 57 43 77 6 13 56 75 63
6 63 75 56 13 6 77 43 57
2 48 45 33 9
3 35 80 7 72 51
3 51 72 7 80 35
1 67 78 62
3 32 34 79 39 50
3 50 39 79 34 32
4 23 65 20 44 12 56
4 56 12 44 20 65 23
6 56 13 6 77 43 18 32 70
6 70 32 18 43 77 6 13 56
5 17 46 10 64 77 19 54
5 54 19 77 64 10 46 17
4 6 19 40 20 65 55
4 55 65 20 40 19 6
8 18 43 77 6 12 24 36 28 25 53
8 53 25 28 36 24 12 6 77 43 18
4 23 26 39 79 72 51
4 51 72 79 39 26 23
3 76 79 27 80 60
2 48 17 11 30
7 66 15 9 67 78 62 36 28 73
7 73 28 36 62 78 67 9 15 66
8 74 71 80 37 50 26 65 55 49 21
1 20 26 50
1 50 26 20
6 3 34 76 52 19 12 75 67
6 67 75 12 19 52 76 34 3
3 59 34 79 27 37
2 69 29 66 45
7 18 43 77 19 44 5 42 16 21
7 21 16 42 5 44 19 77 43 18
4 46 68 57 32 3 72
4 72 3 32 57 68 46
7 28 42 20 26 50 37 80 71 22
2 61 38 64 77
2 77 64 38 61
6 27 79 52 19 6 33 15 66
6 66 15 33 6 19 52 79 27
4 3 32 57 64 38 45
4 45 38 64 57 32 3
3 71 80 37 50 26
6 47 66 15 33 6 77 43 18
5 5 44 19 77 64 10 46
5 46 10 64 77 19 44 5
5 47 45 38 64 57 32 70
5 70 32 57 64 38 45 47
6 38 64 77 19 44 5 42 73
6 73 42 5 44 19 77 64 38
1 10 68 57
1 57 68 10
1 42 5 44
1 44 5 42
2 75 12 44 20
7 1 72 34 76 52 19 12 75 63
7 63 75 12 19 52 76 34 72 1
7 17 46 10 64 77 19 40 39 50
7 50 39 40 19 77 64 10 46 17
10 35 37 50 26 20 5 24 63 67 9 31 14
2 42 5 24 63
2 63 24 5 42
2 35 60 74 22
7 59 43 77 6 13 56 75 63 62
7 62 63 75 56 13 6 77 43 59
4 40 19 77 64 38 61
4 61 38 64 77 19 40
4 58 6 64 68 11 30
3 38 64 6 12 24
5 47 66 15 33 6 77 43
7 21 16 42 5 24 75 58 33 45
7 45 33 58 75 24 5 42 16 21
1 64 6 58
2 37 80 71 74
2 74 71 80 37
1 66 15 31
9 69 29 15 33 6 19 52 79 27 80 60
0 2 69
0 69 2
5 42 5 44 19 77 43 18
2 39 40 19 77
2 77 19 40 39
1 11 57 18
1 18 57 11
1 53 73 21
3 31 9 67 75 12
6 33 6 19 52 76 34 72 8
6 73 42 20 26 50 37 80 71
7 63 24 44 54 40 39 27 7 71
7 71 7 27 39 40 54 44 24 63
4 65 20 39 79 34 3
5 36 24 75 58 33 45 48
5 48 45 33 58 75 24 36
6 60 80 37 50 26 20 5 24
4 73 42 5 44 19 77
4 77 19 44 5 42 73
2 54 44 24 62
2 62 24 44 54
10 2 69 29 15 33 58 13 12 44 20 26 50
10 50 26 20 44 12 13 58 33 15 29 69 2
5 25 28 36 5 44 54 40
5 40 54 44 5 36 28 25
8 78 63 75 12 19 52 76 34 72 8
0 71 8
3 26 20 40 52 76
3 76 52 40 20 26
3 28 36 24 75 56
3 56 75 24 36 28
3 39 40 54 44 12
1 64 57 32
5 2 69 29 31 9 67 78
5 78 67 9 31 29 69 2
9 22 8 72 34 76 52 19 6 33 15 66
9 66 15 33 6 19 52 76 34 72 8 22
8 1 72 34 76 52 19 12 75 67 9
8 9 67 75 12 19 52 76 34 72 1
4 66 15 33 58 13 12
4 65 20 44 12 13 58
1 9 33 38
1 38 33 9
4 71 7 79 76 77 64
6 45 33 58 75 24 36 28 73
6 73 28 36 24 75 58 33 45
7 33 6 19 52 76 34 72 8 22
1 32 4 30
8 29 31 9 67 63 24 5 42 16 55
8 55 16 42 5 24 63 67 9 31 29
7 69 29 15 33 58 13 12 44 54
2 2 47 45 48
2 48 45 47 2
3 62 24 44 54 40
7 60 80 27 79 52 19 6 33 45
5 71 7 79 52 19 12 13
5 42 5 24 75 58 33 45
5 45 33 58 75 24 5 42
8 31 15 33 6 19 52 79 7 71 74
8 74 71 7 79 52 19 6 33 15 31
1 53 73 16
3 6 19 40 39 37
3 37 39 40 19 6
7 25 28 36 62 78 67 9 31 14
4 27 37 50 26 65 16
8 29 15 33 58 13 12 44 20 65 23
9 8 72 34 76 52 19 6 33 15 29 14
9 14 29 15 33 6 19 52 76 34 72 8
2 76 79 7 71
3 75 24 36 28 25
1 45 38 64
1 64 38 45
8 30 11 68 64 6 13 56 75 63 78
8 78 63 75 56 13 6 64 68 11 30
4 31 15 45 48 17 11
5 38 64 77 19 44 5 42
5 42 5 44 19 77 64 38
1 7 80 60
1 60 80 7
5 55 65 20 39 79 72 1
0 24 5
8 74 71 7 79 52 19 6 33 15 29
1 20 39 79
1 79 39 20
5 17 46 10 64 77 19 44
5 44 19 77 64 10 46 17
2 44 19 77 43
7 59 76 52 40 54 44 5 42 73
7 73 42 5 44 54 40 52 76 59
5 18 43 77 6 33 15 66
5 66 15 33 6 77 43 18
2 38 64 6 13
5 9 58 6 77 43 18 32
5 32 18 43 77 6 58 9
9 69 29 31 9 67 78 62 36 28 25 53
2 15 33 6 19
2 19 6 33 15
7 3 34 76 52 19 12 75 63 78
7 78 63 75 12 19 52 76 34 3
4 29 15 33 6 19 40
4 40 19 6 33 15 29
2 39 20 42 36
6 51 70 32 18 43 77 6 13
1 36 24 75
1 75 24 36
0 17 61
0 61 17
6 55 65 20 40 19 77 64 68
6 68 64 77 19 40 20 65 55
0 60 71
0 71 60
6 32 59 76 52 40 20 65 55
6 55 65 20 40 52 76 59 32
6 66 15 9 67 63 24 5 42
2 79 27 80 35
4 60 35 23 65 42 36
3 47 45 38 10 68
3 68 10 38 45 47
4 68 64 6 12 24 36
9 72 34 76 52 19 6 33 15 29 69 2
5 6 19 52 79 7 71 74
5 74 71 7 79 52 19 6
6 31 15 33 6 19 52 76 34
6 34 76 52 19 6 33 15 31
6 65 20 40 52 76 59 32 70
6 70 32 59 76 52 40 20 65
2 21 73 28 36
2 36 28 73 21
10 2 69 29 15 33 6 19 52 76 34 72 8
10 8 72 34 76 52 19 6 33 15 29 69 2
10 62 63 75 56 13 6 77 43 18 32 70 51
6 69 29 31 9 67 78 62 36
5 38 64 77 76 79 27 80
5 80 27 79 76 77 64 38
5 58 75 24 5 42 16 21
2 54 19 77 43
7 15 9 67 78 62 36 28 25 53
7 53 25 28 36 62 78 67 9 15
7 29 15 33 58 13 12 44 20 26
7 8 71 80 37 50 26 20 42 28
7 28 42 20 26 50 37 80 71 8
5 13 12 44 54 40 39 27
5 27 39 40 54 44 12 13
1 63 24 36
5 61 38 64 77 19 40 20
0 30 11
8 53 25 28 36 24 12 6 64 10 46
2 80 37 50 26
1 1 72 34
1 34 72 1
2 33 15 29 14
10 4 32 59 76 52 40 54 44 5 42 73 53
10 53 73 42 5 44 54 40 52 76 59 32 4
1 49 21 73
1 73 21 49
1 52 76 59
1 59 76 52
6 46 10 64 77 19 40 20 26
5 53 73 16 65 23 35 60
5 60 35 23 65 16 73 53
5 30 11 17 48 45 47 2
6 5 24 63 67 9 31 29 69
6 69 29 31 9 67 63 24 5
8 29 31 9 67 63 24 5 42 16 49
8 49 16 42 5 24 63 67 9 31 29
5 16 42 5 44 19 77 43
5 43 77 19 44 5 42 16
2 4 32 59 76
2 76 59 32 4
2 62 36 42 65
2 65 42 36 62
1 38 45 66
1 66 45 38
5 63 75 56 13 6 64 38
3 43 77 6 33 15
2 71 7 79 76
2 76 79 7 71
7 29 15 33 58 13 12 44 20 26
7 80 27 79 52 19 6 33 15 29
2 50 39 40 52
2 52 40 39 50
5 7 79 52 19 6 33 15
5 15 33 6 19 52 79 7
8 29 15 33 6 19 52 79 27 80 60
8 60 80 27 79 52 19 6 33 15 29
4 26 20 44 12 13 58
4 58 13 12 44 20 26
3 13 56 75 63 62
3 62 63 75 56 13
2 46 61 48 41
3 62 63 75 56 13
5 35 80 27 79 34 59 18
6 8 71 80 37 50 26 65 16
6 16 65 26 50 37 80 71 8
3 34 32 57 68 46
3 46 68 57 32 34
5 33 58 75 24 5 42 16
3 35 80 27 79 76
3 76 79 27 80 35
3 31 15 33 64 57
3 57 64 33 15 31
4 23 26 39 79 34 59
4 59 34 79 39 26 23
2 34 72 8 22
1 7 72 3
7 73 42 5 44 19 77 64 10 46
4 50 26 65 55 49 21
3 25 28 36 24 75
3 75 24 36 28 25
4 30 51 72 7 27 37
4 37 27 7 72 51 30
5 9 67 75 12 19 52 76
5 76 52 19 12 75 67 9
5 29 15 33 64 57 32 70
5 70 32 57 64 33 15 29
7 8 72 34 76 52 19 12 75 63
7 63 75 12 19 52 76 34 72 8
6 7 79 76 77 64 38 61 48
6 48 61 38 64 77 76 79 7
3 30 11 17 48 41
3 41 48 17 11 30
4 45 33 9 67 78 62
4 62 78 67 9 33 45
1 8 72 79
1 79 72 8
1 9 33 38
1 38 33 9
6 7 79 52 19 6 33 15 31
6 31 15 33 6 19 52 79 7
5 48 61 38 64 77 19 40
2 5 42 16 55
2 55 16 42 5
6 42 5 24 63 67 9 31 29
1 52 76 43
3 50 39 40 52 76
3 76 52 40 39 50
2 38 45 15 31
5 64 6 13 56 75 63 78
5 78 63 75 56 13 6 64
2 58 13 12 44
3 19 6 33 15 66
3 66 15 33 6 19
4 26 20 44 12 13 58
4 58 13 12 44 20 26
0 65 55
6 50 39 40 19 77 64 38 61
6 61 38 64 77 19 40 39 50
0 68 57
1 59 43 77
1 77 43 59
2 15 45 48 17
2 17 48 45 15
6 59 43 77 6 33 15 29 14
1 56 75 63
1 63 75 56
7 68 64 77 19 40 20 65 55 49
4 12 19 52 79 7 71
4 71 7 79 52 19 12
0 12 13
0 13 12
8 66 15 33 6 19 52 76 34 72 1
3 43 59 34 72 1
4 78 62 36 28 73 21
2 44 5 42 16
7 38 64 77 19 44 5 42 16 21
3 73 42 5 44 54
2 75 24 5 42
5 34 76 52 19 6 33 15
6 51 3 34 76 52 40 54 44
4 43 76 52 40 20 65
4 65 20 40 52 76 43
5 60 35 23 65 16 73 53
0 78 67
5 36 24 12 6 77 43 18
2 35 80 27 79
2 79 27 80 35
5 8 72 3 32 57 68 46
5 46 68 57 32 3 72 8
4 43 76 52 40 20 26
5 46 10 64 77 19 44 5
0 58 75
0 75 58
4 57 32 3 72 8 22
1 11 68 46
1 46 68 11
2 42 65 23 35
6 51 4 57 64 33 15 29 69
6 69 29 15 33 64 57 4 51
5 29 31 9 67 78 62 36
5 36 62 78 67 9 31 29
2 35 80 27 79
2 79 27 80 35
1 79 76 77
2 15 45 38 10
3 49 16 42 5 44
5 76 52 40 54 44 5 36
3 13 58 33 15 31
3 31 15 33 58 13
5 34 79 39 20 42 73 53
5 53 73 42 20 39 79 34
6 76 52 40 54 44 5 36 28
9 78 63 24 44 54 40 39 27 7 71 74
0 65 55
6 68 64 77 19 44 5 42 73
6 73 42 5 44 19 77 64 68
7 28 36 24 12 6 64 68 11 30
7 30 11 68 64 6 12 24 36 28
3 39 27 7 71 22
7 65 20 44 12 13 58 33 45 41
1 10 38 45
1 45 38 10
1 77 19 44
7 72 34 76 52 19 12 75 67 9
2 37 27 7 72
2 72 7 27 37
0 4 32
0 32 4
7 28 36 24 12 6 64 10 46 17
4 14 29 15 33 58 13
4 69 29 66 45 38 10
5 41 48 61 38 64 57 18
4 35 23 65 16 73 25
7 24 44 54 40 39 27 7 71 22
4 17 46 10 64 77 52
4 52 77 64 10 46 17
3 4 70 3 72 7
3 7 72 3 70 4
1 73 42 20
5 48 61 38 64 43 59 34
1 64 77 76
1 76 77 64
2 29 15 33 58
2 58 33 15 29
5 22 71 80 37 50 26 20
3 18 43 77 6 58
3 58 6 77 43 18
6 43 77 19 44 5 42 16 21
8 42 5 44 54 40 52 76 59 32 70
8 70 32 59 76 52 40 54 44 5 42
9 69 29 31 9 67 63 24 5 42 16 55
5 35 80 27 79 34 32 57
5 57 32 34 79 27 80 35
3 64 77 76 79 27
0 26 50
0 50 26
3 51 72 79 39 50
3 72 34 76 52 19
4 53 25 28 36 24 75
4 75 24 36 28 25 53
1 58 6 77
1 77 6 58
4 14 29 15 33 64 57
4 57 64 33 15 29 14
4 62 78 67 9 31 29
2 52 77 64 10
6 38 64 77 19 44 5 42 73
6 73 42 5 44 19 77 64 38
7 61 38 64 77 19 40 20 65 55
4 3 34 79 39 26 23
4 23 26 39 79 34 3
3 27 39 40 54 44
3 44 54 40 39 27
6 45 33 58 75 24 5 42 16
5 18 43 77 6 33 15 31
5 31 15 33 6 77 43 18
0 72 34
0 57 18
1 3 34 59
1 59 34 3
2 19 40 20 26
2 26 20 40 19
3 77 76 79 7 71
1 52 19 6
4 19 77 64 10 46 17
6 62 24 5 20 26 50 37 80
6 80 37 50 26 20 5 24 62
0 45 33
1 41 47 2
5 58 75 24 5 42 16 21
1 8 71 60
1 60 71 8
6 75 12 44 20 26 50 37 35
2 55 65 20 39
2 50 39 79 72
2 72 79 39 50
8 69 29 31 9 67 78 62 36 28 73
8 73 28 36 62 78 67 9 31 29 69
6 25 28 36 24 75 58 33 45
6 45 33 58 75 24 36 28 25
0 42 28
3 55 65 23 35 60
3 60 35 23 65 55
3 5 44 54 40 52
3 52 40 54 44 5
5 2 69 29 15 33 64 57
5 57 64 33 15 29 69 2
4 9 67 75 12 19 52
4 52 19 12 75 67 9
6 73 42 20 26 50 37 80 71
3 51 4 57 64 38
8 55 65 20 40 52 76 59 18 57 11
4 71 7 79 76 77 64
2 63 67 9 31
0 75 58
1 65 55 49
1 48 45 66
1 66 45 48
1 41 47 69
1 69 47 41
4 58 13 12 44 20 65
4 65 20 44 12 13 58
2 65 20 40 52
1 44 54 40
4 63 24 5 42 16 49
3 43 64 10 46 17
6 25 73 42 20 39 79 72 51
6 51 72 79 39 20 42 73 25
7 68 64 77 19 40 20 65 55 49
6 73 42 20 26 50 37 80 71
1 38 61 48
1 48 61 38
1 33 15 29
2 31 15 45 48
2 48 45 15 31
5 11 57 32 34 79 39 26
5 26 39 79 34 32 57 11
3 25 28 36 24 75
3 75 24 36 28 25
7 74 71 7 27 39 40 54 44 24
4 12 13 58 33 15 66
4 66 15 33 58 13 12
5 12 13 58 33 15 29 69
5 69 29 15 33 58 13 12
3 3 32 18 43 77
3 77 43 18 32 3
4 72 3 32 57 68 46
4 36 28 73 21 49 55
4 55 49 21 73 28 36
2 46 68 11 30
0 71 22
5 80 27 79 76 77 64 10
6 71 80 37 50 26 20 42 73
6 73 42 20 26 50 37 80 71
5 80 37 50 26 20 42 28
1 40 20 65
1 65 20 40
0 8 22
0 22 8
0 32 18
1 79 72 8
3 44 5 36 28 25
7 31 9 67 63 24 5 42 16 55
7 55 16 42 5 24 63 67 9 31
1 10 64 43
1 43 64 10
2 76 52 19 12
8 71 7 27 39 40 54 44 24 63 67
2 10 64 6 58
2 58 6 64 10
8 41 45 33 58 75 24 5 42 16 55
8 55 16 42 5 24 75 58 33 45 41
6 7 27 39 40 54 44 24 63
6 63 24 44 54 40 39 27 7
2 29 15 33 6
3 73 42 5 44 19
5 30 11 68 64 6 12 24
4 78 62 36 28 73 21
5 8 72 34 59 43 64 38
5 38 64 43 59 34 72 8
3 43 76 79 7 71
3 71 7 79 76 43
2 55 49 21 73
2 73 21 49 55
10 78 63 75 56 13 6 77 43 18 32 70 51
3 17 48 45 66 29
3 29 66 45 48 17
8 25 28 36 5 44 54 40 52 76 59
8 59 76 52 40 54 44 5 36 28 25
1 23 65 20
7 22 8 72 34 76 52 19 12 13
4 39 40 54 44 24 63
4 63 24 44 54 40 39
9 22 8 72 34 76 52 19 6 33 15 31
9 31 15 33 6 19 52 76 34 72 8 22
9 70 32 59 76 52 40 54 44 5 36 28
6 14 29 15 33 6 77 43 18
6 18 43 77 6 33 15 29 14
0 33 38
0 38 33
4 36 62 78 67 9 15
6 61 38 64 77 19 40 20 65
6 65 20 40 19 77 64 38 61
4 35 23 65 55 49 21
5 22 8 72 34 59 43 77
5 77 43 59 34 72 8 22
2 11 68 64 77
2 77 64 68 11
9 22 8 72 34 76 52 19 12 75 67 9
2 79 34 32 70
9 69 29 15 33 58 13 12 44 20 65 23
1 48 17 11
7 75 12 19 52 76 34 72 8 22
0 55 65
0 65 55
2 4 32 59 76
2 76 59 32 4
6 15 9 67 78 62 36 28 73
6 73 28 36 62 78 67 9 15
2 23 65 42 28
2 28 42 65 23
5 42 20 26 50 37 27 7
3 17 46 10 64 77
3 77 64 10 46 17
4 21 73 28 36 62 78
4 78 62 36 28 73 21
4 14 29 15 33 58 56
4 56 58 33 15 29 14
1 50 37 35
4 4 70 3 72 71 60
4 60 71 72 3 70 4
3 63 24 36 28 25
5 20 40 19 77 64 38 61
5 61 38 64 77 19 40 20
9 47 66 15 33 6 19 52 76 34 72 8
5 36 62 78 67 9 31 14
2 18 32 4 30
2 30 4 32 18
1 67 63 24
8 14 31 9 67 63 24 5 20 65 23
8 23 65 20 5 24 63 67 9 31 14
4 19 52 79 27 80 60
4 60 80 27 79 52 19
8 47 29 31 9 67 78 62 36 28 73
8 73 28 36 62 78 67 9 31 29 47
8 8 72 34 76 52 19 12 75 67 9
8 9 67 75 12 19 52 76 34 72 8
5 32 18 43 77 6 13 56
5 56 13 6 77 43 18 32
5 37 27 7 72 3 70 4
4 53 73 42 20 26 50
5 11 4 70 3 72 8 22
5 22 8 72 3 70 4 11
4 5 24 63 67 9 15
4 15 9 67 63 24 5
5 34 76 52 19 12 75 67
5 67 75 12 19 52 76 34
7 71 80 37 50 26 20 42 73 53
0 80 37
7 61 38 64 77 76 79 27 80 35
2 3 70 4 30
2 30 4 70 3
0 16 21
0 21 16
4 54 19 77 64 38 61
4 61 38 64 77 19 54
3 43 77 6 12 24
3 40 19 77 64 10
4 49 55 65 20 39 79
4 79 39 20 65 55 49
1 50 37 80
1 80 37 50
4 55 65 20 40 19 6
1 3 34 59
1 59 34 3
4 56 13 6 64 10 46
2 33 58 13 12
4 12 13 58 33 15 66
4 66 15 33 58 13 12
5 30 11 17 48 45 47 2
5 70 32 57 64 33 15 29
2 71 80 37 50
3 63 24 36 28 25
1 32 4 30
3 77 19 40 39 37
3 10 64 77 19 40
3 40 19 77 64 10
2 60 80 37 50
2 1 8 71 60
2 60 71 8 1
1 80 37 50
3 59 76 52 40 54
7 7 79 52 19 6 33 15 29 14
7 14 29 15 33 6 19 52 79 7
2 33 15 29 14
4 59 76 52 40 20 65
4 65 20 40 52 76 59
10 25 28 36 5 44 54 40 52 76 59 32 70
10 70 32 59 76 52 40 54 44 5 36 28 25
10 2 69 29 31 9 67 63 24 5 42 16 55
10 55 16 42 5 24 63 67 9 31 29 69 2
2 23 37 80 71
2 71 80 37 23
4 3 32 57 64 38 45
4 45 38 64 57 32 3
6 73 42 5 44 19 77 43 18
3 21 16 42 5 24
3 24 5 42 16 21
6 47 66 15 33 6 77 43 18
2 12 75 67 9
5 57 32 34 79 39 26 23
0 58 9
1 3 32 57
1 57 32 3
1 10 46 61
1 61 46 10
3 63 24 5 42 16
6 26 20 44 12 13 58 33 15
0 30 4
5 31 9 67 63 24 44 54
5 54 44 24 63 67 9 31
9 25 28 36 5 44 54 40 52 76 59 32
9 32 59 76 52 40 54 44 5 36 28 25
8 60 80 27 79 76 77 64 38 61 48
8 22 8 72 34 76 52 19 6 33 15
5 44 24 63 67 9 31 14
5 32 59 76 52 40 20 65
5 65 20 40 52 76 59 32
6 69 29 66 45 48 17 11 30
9 2 69 29 15 33 6 19 52 79 27 80
9 80 27 79 52 19 6 33 15 29 69 2
1 38 33 58
1 58 33 38
9 55 16 42 5 24 63 67 9 31 29 47
0 18 57
0 57 18
5 56 12 44 54 40 39 27
3 69 29 66 45 38
5 42 5 24 63 67 9 15
5 4 32 34 79 39 26 23
5 23 26 39 79 34 32 4
1 18 59 34
1 34 59 18
3 29 15 33 58 75
3 75 58 33 15 29
5 17 68 57 32 3 72 8
5 42 5 44 19 77 64 38
6 22 71 80 37 50 26 20 5
7 4 32 59 76 52 40 54 44 5
7 5 44 54 40 52 76 59 32 4
5 69 29 31 9 67 63 24
8 67 75 12 19 52 76 34 72 8 22
1 24 75 56
1 56 75 24
2 31 9 67 78
2 78 67 9 31
8 23 65 20 40 19 77 64 38 61 48
8 48 61 38 64 77 19 40 20 65 23
3 6 64 68 11 30
3 30 11 68 64 6
5 67 75 56 13 6 64 68
5 68 64 6 13 56 75 67
0 8 22
0 22 8
2 10 64 6 58
2 58 6 64 10
6 55 65 20 40 19 77 64 38
3 52 40 20 65 23
3 78 67 9 33 45
4 60 80 27 79 52 19
7 1 72 34 76 52 19 6 33 15
7 15 33 6 19 52 76 34 72 1
7 56 12 19 52 76 34 72 8 22
3 39 27 7 71 74
3 74 71 7 27 39
6 43 77 6 13 56 75 63 62
6 62 63 75 56 13 6 77 43
7 49 55 65 26 50 37 80 71 74
7 74 71 80 37 50 26 65 55 49
4 11 4 70 3 72 71
4 71 72 3 70 4 11
7 41 45 33 58 75 24 5 42 16
3 20 5 24 63 67
3 67 63 24 5 20
2 41 48 61 38
5 6 19 40 20 65 55 49
5 49 55 65 20 40 19 6
4 59 43 77 6 33 15
0 26 65
0 65 26
5 5 24 63 67 9 31 29
5 29 31 9 67 63 24 5
1 7 79 34
1 34 79 7
3 73 42 5 44 19
10 4 32 59 76 52 40 54 44 5 36 28 25
10 25 28 36 5 44 54 40 52 76 59 32 4
3 33 6 77 43 59
3 59 43 77 6 33
5 46 68 57 32 3 72 71
5 71 72 3 32 57 68 46
4 52 19 12 75 67 9
10 4 32 59 76 52 40 54 44 5 42 16 21
10 21 16 42 5 44 54 40 52 76 59 32 4
3 2 47 45 61 46
3 46 61 45 47 2
4 43 76 79 7 71 74
4 74 71 7 79 76 43
2 13 58 33 15
2 15 33 58 13
1 12 44 54
1 54 44 12
2 4 57 68 17
2 17 68 57 4
5 54 44 12 13 58 33 15
2 64 33 15 31
5 31 9 67 63 24 5 20
1 59 32 70
1 70 32 59
6 53 73 42 20 39 79 34 3
6 8 72 34 76 52 19 12 56
6 56 12 19 52 76 34 72 8
1 27 7 72
1 72 7 27
3 35 23 65 16 73
3 73 16 65 23 35
1 15 45 38
1 38 45 15
6 33 58 13 12 44 20 26 50
6 50 26 20 44 12 13 58 33
3 10 64 43 59 34
3 34 59 43 64 10
6 48 61 38 64 77 19 44 5
4 59 34 79 27 80 60
4 60 80 27 79 34 59
3 19 52 79 7 71
3 71 7 79 52 19
1 65 20 54
4 7 79 76 77 64 38
4 38 64 77 76 79 7
5 68 57 32 3 72 8 22
2 68 64 77 19
4 41 45 33 9 67 78
4 78 67 9 33 45 41
6 8 72 34 76 52 19 12 13
6 13 12 19 52 76 34 72 8
8 80 27 79 52 19 6 33 15 66 47
7 69 29 15 33 6 19 52 79 27
7 70 32 59 76 52 40 20 65 55
0 51 4
5 44 54 40 52 76 34 3
1 6 19 54
1 54 19 6
7 68 64 6 12 24 36 28 25 53
6 10 64 6 13 56 75 63 78
6 78 63 75 56 13 6 64 10
4 64 6 12 24 36 28
7 68 64 77 19 40 20 65 55 49
4 33 6 19 52 79 27
7 38 64 77 19 44 5 42 16 21
2 48 45 33 58
2 58 33 45 48
8 71 7 79 76 77 64 38 61 48 41
6 55 49 21 73 28 36 62 78
6 78 62 36 28 73 21 49 55
3 53 73 21 49 55
3 55 49 21 73 53
6 76 52 40 54 44 5 42 73
2 33 38 46 17
9 47 66 15 33 6 19 52 79 27 80 35
7 53 25 28 36 24 12 6 77 43
6 37 50 26 20 44 12 13 58
6 58 13 12 44 20 26 50 37
3 48 45 33 58 56
3 56 58 33 45 48
7 62 63 75 56 13 6 77 43 57
7 53 25 28 36 24 75 58 33 45
1 36 28 73
1 73 28 36
2 45 38 10 68
2 68 10 38 45
0 51 3
3 8 71 80 37 50
3 50 37 80 71 8
8 60 80 37 50 26 20 5 24 63 78
8 78 63 24 5 20 26 50 37 80 60
3 10 64 43 59 34
3 34 59 43 64 10
5 27 39 40 54 44 24 63
5 63 24 44 54 40 39 27
0 40 54
0 54 40
5 7 27 39 40 54 44 24
5 24 44 54 40 39 27 7
4 71 7 79 52 19 6
2 58 6 77 43
1 48 61 46
3 52 19 6 33 15
6 21 16 42 5 24 75 58 33
6 33 58 75 24 5 42 16 21
3 71 80 37 50 26
3 77 19 40 20 26
5 18 43 77 19 44 5 42
5 42 5 44 19 77 43 18
2 13 6 64 68
2 68 64 6 13
7 76 52 40 54 44 5 42 73 53
3 37 50 26 65 55
3 55 65 26 50 37
1 50 39 79
1 79 39 50
8 8 72 34 76 52 19 6 33 15 29
8 29 15 33 6 19 52 76 34 72 8
6 61 38 64 77 76 79 27 80
6 80 27 79 76 77 64 38 61
2 34 76 52 19
3 23 65 20 5 24
3 24 5 20 65 23
5 24 44 54 40 79 72 1
3 18 32 3 72 71
3 71 72 3 32 18
4 46 61 45 66 29 69
4 69 29 66 45 61 46
1 5 44 19
1 19 44 5
6 21 49 55 65 26 50 37 27
6 27 37 50 26 65 55 49 21
2 44 20 26 50
2 50 26 20 44
2 52 19 12 13
3 43 64 10 46 17
5 80 27 79 76 77 64 38
5 69 29 66 45 38 10 68
5 12 6 77 43 18 32 70
5 70 32 18 43 77 6 12
5 66 15 33 64 57 4 51
5 50 26 20 5 24 63 78
5 78 63 24 5 20 26 50
4 50 39 79 34 32 4
8 17 46 10 64 6 12 24 36 28 25
8 25 28 36 24 12 6 64 10 46 17
1 27 7 72
1 72 7 27
5 25 28 36 24 12 6 77
5 77 6 12 24 36 28 25
8 63 75 12 19 52 76 34 72 8 22
2 65 20 40 19
4 72 34 59 43 64 38
7 78 63 24 5 20 26 50 37 35
3 39 20 65 55 49
3 49 55 65 20 39
1 79 72 1
5 17 46 38 33 9 67 78
5 78 67 9 33 38 46 17
5 38 64 77 19 40 39 37
3 18 32 70 51 1
1 27 80 35
1 35 80 27
9 51 3 34 76 52 40 54 44 5 36 28
2 65 16 73 53
8 31 15 33 6 19 52 76 34 72 1
1 77 64 10
3 24 36 28 25 53
3 53 25 28 36 24
0 74 22
3 57 64 33 15 66
3 66 15 33 64 57
3 59 76 52 40 54
4 52 77 64 10 46 17
5 54 40 52 76 34 3 51
5 17 68 57 32 3 72 71
5 71 72 3 32 57 68 17
4 80 27 79 52 19 6
6 59 76 52 40 20 65 55 49
2 6 19 44 5
5 4 57 43 77 6 58 9
5 9 58 6 77 43 57 4
5 65 20 40 19 77 64 68
5 68 64 77 19 40 20 65
1 61 45 15
5 20 40 52 76 59 18 57
5 57 18 59 76 52 40 20
3 24 12 6 77 43
3 43 77 6 12 24
3 1 72 79 40 54
3 54 40 79 72 1
1 3 32 57
1 57 32 3
5 71 7 79 52 19 12 13
1 62 63 75
1 75 63 62
6 62 24 5 20 26 50 37 35
3 45 33 9 67 78
3 78 67 9 33 45
2 57 18 59 76
2 76 59 18 57
0 45 41
1 72 7 80
1 80 7 72
5 49 16 42 5 24 75 56
5 56 75 24 5 42 16 49
3 67 9 33 38 61
6 23 65 20 40 19 77 64 38
6 38 64 77 19 40 20 65 23
4 69 29 31 9 67 78
4 78 67 9 31 29 69
7 32 59 76 52 40 20 65 55 49
7 49 55 65 20 40 52 76 59 32
0 59 32
4 23 65 20 44 12 13
3 40 19 6 33 45
3 45 33 6 19 40
1 25 73 21
2 39 40 19 6
6 56 12 44 20 26 50 37 35
3 36 24 12 6 64
3 64 6 12 24 36
7 31 15 33 6 19 52 79 7 71
7 71 7 79 52 19 6 33 15 31
2 19 52 79 27
2 27 79 52 19
5 63 75 56 13 6 77 43
4 26 20 40 19 77 64
4 64 77 19 40 20 26
3 18 43 77 19 44
3 44 19 77 43 18
3 44 54 40 79 72
3 72 79 40 54 44
2 70 32 57 64
1 33 45 48
1 48 45 33
5 16 65 26 50 37 27 7
3 60 35 23 65 55
4 52 40 54 44 5 36
5 76 52 40 54 44 5 42
4 42 20 39 79 34 3
3 77 6 33 15 29
0 18 59
0 59 18
3 51 72 7 27 37
3 5 24 75 58 33
3 33 58 75 24 5
3 31 9 67 78 62
3 62 78 67 9 31
7 48 61 38 64 77 76 79 27 80
7 80 27 79 76 77 64 38 61 48
3 57 43 77 6 12
7 72 34 76 52 19 12 75 67 9
3 76 77 64 38 61
1 72 71 60
2 28 42 20 39
2 39 20 42 28
5 67 63 24 44 54 40 39
3 14 29 66 45 38
3 38 45 66 29 14
7 26 20 44 12 13 58 33 45 41
7 41 45 33 58 13 12 44 20 26
3 31 15 33 6 19
5 75 56 13 6 77 43 59
5 47 66 15 33 58 13 12
7 37 39 40 19 77 64 10 46 17
5 80 37 50 26 20 42 73
5 2 47 45 48 17 11 30
5 30 11 17 48 45 47 2
5 6 19 40 20 65 55 49
5 49 55 65 20 40 19 6
8 30 11 68 64 6 13 56 75 63 62
8 62 63 75 56 13 6 64 68 11 30
4 12 24 5 42 16 21
4 21 16 42 5 24 12
3 70 32 34 79 39
9 1 72 34 76 52 19 6 33 15 29 14
9 14 29 15 33 6 19 52 76 34 72 1
4 19 52 79 27 80 60
4 60 80 27 79 52 19
3 52 40 54 44 5
7 50 39 40 19 77 64 10 46 17
6 74 71 7 79 52 19 12 75
6 75 12 19 52 79 7 71 74
4 57 43 77 6 12 24
6 14 29 15 33 64 57 32 3
0 35 60
0 60 35
6 15 33 6 19 52 79 7 71
6 71 7 79 52 19 6 33 15
3 29 66 45 61 46
3 46 61 45 66 29
10 16 42 5 44 54 40 52 76 59 32 4 30
10 30 4 32 59 76 52 40 54 44 5 42 16
7 76 52 40 54 44 5 42 16 21
1 30 4 57
1 57 4 30
2 35 23 65 42
2 42 65 23 35
2 77 6 13 56
4 32 57 64 33 15 29
9 69 29 15 33 58 13 12 44 20 26 50
4 40 54 44 5 42 73
4 73 42 5 44 54 40
1 6 58 9
1 9 58 6
0 9 31
0 31 9
1 3 32 18
1 18 32 3
6 7 79 76 77 64 38 61 48
6 48 61 38 64 77 76 79 7
6 20 44 12 13 58 33 45 41
6 41 45 33 58 13 12 44 20
8 60 80 27 79 52 19 6 33 15 66
8 66 15 33 6 19 52 79 27 80 60
7 63 75 12 19 52 76 34 72 8
8 32 18 43 77 6 13 56 75 63 78
8 78 63 75 56 13 6 77 43 18 32
6 69 29 15 33 6 77 43 59
2 51 70 32 18
4 35 37 50 26 20 5
6 11 68 64 6 13 56 75 63
6 63 75 56 13 6 64 68 11
2 12 6 77 43
2 43 77 6 12
3 43 59 34 72 1
7 44 12 13 58 33 15 29 69 2
3 73 42 20 26 50
4 10 68 57 4 51 1
5 32 59 76 52 40 54 44
5 44 54 40 52 76 59 32
5 50 39 40 19 77 64 38
5 12 6 77 43 18 32 70
5 70 32 18 43 77 6 12
8 78 63 24 44 54 40 39 27 7 71
5 7 79 76 77 64 38 61
5 61 38 64 77 76 79 7
1 30 4 70
1 70 4 30
3 58 6 77 43 18
0 80 60
2 67 9 15 66
10 16 42 5 44 54 40 52 76 59 32 4 30
10 30 4 32 59 76 52 40 54 44 5 42 16
6 48 45 33 58 75 24 36 28
3 24 12 6 64 10
8 60 80 37 50 26 20 5 24 63 67
8 67 63 24 5 20 26 50 37 80 60
1 43 76 52
1 52 76 43
1 68 57 4
5 4 32 59 76 52 40 20
5 20 40 52 76 59 32 4
5 48 61 38 64 77 19 54
5 54 19 77 64 38 61 48
0 57 11
4 75 24 5 42 16 55
1 67 78 62
4 23 65 20 40 52 76
4 76 52 40 20 65 23
5 31 9 67 63 24 44 54
5 54 44 24 63 67 9 31
5 56 75 24 5 42 16 49
3 40 39 27 7 71
3 71 7 27 39 40
7 78 63 24 44 54 40 39 27 7
4 50 26 65 55 49 21
8 49 16 42 5 24 63 67 9 31 29
3 8 72 34 59 43
3 43 59 34 72 8
2 32 34 79 27
6 47 29 31 9 67 78 62 36
4 78 67 9 33 38 46
8 41 45 33 58 75 24 5 42 16 55
8 55 16 42 5 24 75 58 33 45 41
1 56 75 67
1 67 75 56
4 61 38 64 77 19 40
1 19 52 79
1 79 52 19
0 21 73
0 73 21
2 74 71 72 3
9 47 29 31 9 67 63 24 5 42 16 49
9 49 16 42 5 24 63 67 9 31 29 47
3 51 4 57 64 38
5 72 79 39 20 65 55 49
5 44 12 13 58 33 45 41
6 69 29 15 33 58 13 12 44
7 22 71 80 37 50 26 20 42 28
7 28 42 20 26 50 37 80 71 22
3 39 20 42 73 53
3 53 73 42 20 39
5 7 27 37 50 26 20 5
4 40 52 76 59 32 4
1 50 37 80
1 80 37 50
1 10 68 57
1 57 68 10
4 18 32 3 72 8 22
4 22 8 72 3 32 18
3 16 65 26 50 37
3 37 50 26 65 16
4 20 40 19 77 64 68
4 68 64 77 19 40 20
3 61 45 66 29 14
1 70 32 59
8 14 29 15 33 6 19 52 76 34 72
8 72 34 76 52 19 6 33 15 29 14
1 16 42 5
2 40 54 44 12
4 78 67 9 33 38 61
2 7 79 52 19
2 19 52 79 7
3 40 19 6 33 45
3 45 33 6 19 40
7 23 65 20 40 19 77 64 10 46
7 46 10 64 77 19 40 20 65 23
7 1 72 34 76 52 19 12 75 63
7 63 75 12 19 52 76 34 72 1
10 2 69 29 15 33 58 13 12 44 20 26 50
10 50 26 20 44 12 13 58 33 15 29 69 2
7 62 63 75 56 13 6 64 68 11
5 58 6 19 52 79 27 80
5 80 27 79 52 19 6 58
1 65 16 73
1 73 16 65
1 68 57 4
5 12 44 54 40 39 27 80
5 80 27 39 40 54 44 12
6 49 16 42 5 24 75 58 33
6 59 43 77 6 13 56 75 63
6 63 75 56 13 6 77 43 59
3 25 73 42 20 26
3 26 20 42 73 25
1 19 77 64
1 64 77 19
8 69 29 31 9 67 63 24 5 42 16
5 66 15 9 67 78 62 36
5 40 54 44 24 63 67 9
5 33 58 75 24 36 28 73
5 73 28 36 24 75 58 33
1 71 72 34
8 42 5 44 54 40 52 76 59 32 4
0 77 52
7 35 80 27 79 76 77 64 38 61
7 61 38 64 77 76 79 27 80 35
6 44 54 40 39 27 7 71 22
6 16 65 26 50 37 80 71 8
6 22 8 72 3 32 57 68 17
3 40 52 76 59 32
2 31 15 33 64
2 64 33 15 31
6 9 67 63 24 5 42 16 49
6 49 16 42 5 24 63 67 9
7 80 37 50 26 20 5 24 63 78
6 17 46 10 64 6 13 56 75
6 75 56 13 6 64 10 46 17
4 73 42 20 39 79 34
5 62 63 75 56 13 6 64
5 64 6 13 56 75 63 62
5 42 5 24 63 67 9 15
2 56 13 6 64
2 64 6 13 56
1 80 37 50
5 68 64 6 12 24 36 28
4 21 16 42 5 44 54
4 54 44 5 42 16 21
6 8 71 80 37 50 26 65 16
6 16 65 26 50 37 80 71 8
3 76 52 19 12 56
2 23 65 55 49
2 49 55 65 23
0 24 63
0 63 24
4 32 59 76 52 40 54
4 54 40 52 76 59 32
4 46 10 64 77 19 40
5 22 8 72 34 59 43 77
5 77 43 59 34 72 8 22
6 69 29 15 33 64 57 32 70
6 70 32 57 64 33 15 29 69
4 24 12 6 64 38 61
4 61 38 64 6 12 24
0 24 5
3 77 19 40 20 65
3 51 3 34 76 52
3 52 76 34 3 51
1 1 72 3
1 3 72 1
2 53 73 42 20
10 30 4 32 59 76 52 40 54 44 5 42 73
10 73 42 5 44 54 40 52 76 59 32 4 30
9 73 42 5 44 54 40 52 76 59 32 70
6 41 45 33 58 13 12 44 20
3 45 33 58 75 63
3 63 75 58 33 45
4 20 40 19 77 64 68
4 68 64 77 19 40 20
3 77 43 18 32 3
3 73 28 36 24 75
3 75 24 36 28 73
3 75 67 9 31 14
7 71 7 27 39 40 54 44 24 63
5 4 57 64 33 15 29 14
5 14 29 15 33 64 57 4
3 44 54 40 39 27
0 51 72
0 72 51
6 43 77 19 44 5 42 16 21
8 55 65 20 40 19 77 64 38 61 48
5 14 31 9 67 63 24 5
1 72 79 39
3 74 71 72 3 32
5 58 6 77 43 18 32 70
5 70 32 18 43 77 6 58
4 47 45 48 17 11 30
3 9 58 6 77 43
3 43 77 6 58 9
2 32 70 51 1
1 37 50 26
7 46 10 64 77 76 79 27 80 60
7 60 80 27 79 76 77 64 10 46
6 9 67 63 24 5 42 16 49
6 49 16 42 5 24 63 67 9
9 73 42 5 44 54 40 52 76 59 32 4
5 27 39 40 54 44 12 75
5 75 12 44 54 40 39 27
7 75 12 19 52 76 34 72 8 22
3 48 45 66 29 69
3 69 29 66 45 48
6 16 65 26 50 37 80 71 22
6 22 71 80 37 50 26 65 16
6 68 64 6 13 56 75 63 62
3 26 50 37 80 60
3 60 80 37 50 26
3 20 39 79 72 51
3 51 72 79 39 20
4 43 77 6 33 15 29
5 40 54 44 24 63 67 9
5 58 6 19 52 79 27 80
5 80 27 79 52 19 6 58
2 4 57 68 10
2 10 68 57 4
3 32 59 76 52 40
3 40 52 76 59 32
7 35 37 50 26 20 5 24 63 78
7 78 63 24 5 20 26 50 37 35
8 51 70 32 18 43 77 6 13 56 75
8 75 56 13 6 77 43 18 32 70 51
5 78 63 75 12 19 52 76
3 78 62 36 28 25
1 70 3 72
1 72 3 70
6 78 63 24 5 20 26 50 37
3 59 34 79 27 80
3 80 27 79 34 59
7 74 71 80 37 50 26 20 42 36
3 59 43 64 38 45
1 7 71 22
1 22 71 7
9 74 71 7 27 39 40 54 44 24 63 78
9 78 63 24 44 54 40 39 27 7 71 74
10 62 63 75 56 13 6 77 43 18 32 70 51
3 78 62 36 42 65
8 60 80 27 79 52 19 6 33 15 29
3 57 64 38 45 47
2 26 50 37 27
2 27 37 50 26
3 41 45 33 58 56
3 56 58 33 45 41
3 22 71 7 27 39
3 39 27 7 71 22
4 80 27 39 40 54 44
4 62 78 67 9 31 29
1 80 71 74
3 41 48 61 46 10
9 74 71 7 27 39 40 54 44 24 63 67
2 46 68 57 4
4 31 15 33 64 57 4
4 57 43 77 6 13 56
2 1 72 79 39
2 39 79 72 1
3 27 7 72 51 30
3 30 51 72 7 27
6 23 65 20 40 19 77 64 38
6 38 64 77 19 40 20 65 23
4 11 17 48 45 15 31
4 31 15 45 48 17 11
1 4 57 68
1 68 57 4
1 58 6 77
1 77 6 58
4 43 77 6 33 15 31
9 67 63 24 44 54 40 39 27 7 71 74
9 74 71 7 27 39 40 54 44 24 63 67
8 74 71 7 79 76 77 64 38 61 48
4 22 71 80 37 50 26
4 26 50 37 80 71 22
8 74 71 7 27 39 40 54 44 24 63
4 35 80 27 79 52 19
2 1 51 70 32
2 32 70 51 1
8 22 8 72 34 76 52 19 12 75 63
8 63 75 12 19 52 76 34 72 8 22
4 67 75 12 19 52 79
4 79 52 19 12 75 67
0 39 20
4 69 29 66 45 48 17
6 49 55 65 20 40 52 76 43
3 54 40 52 76 59
3 59 76 52 40 54
6 74 71 72 3 32 57 68 10
1 79 72 51
2 6 33 45 41
2 41 45 33 6
5 1 72 79 40 54 44 24
5 24 44 54 40 79 72 1
1 35 80 27
5 71 7 79 52 19 12 56
5 52 40 54 44 5 42 16
3 70 32 57 64 38
2 34 72 8 22
7 22 8 72 34 76 52 19 12 56
7 56 12 19 52 76 34 72 8 22
5 5 44 54 40 79 72 8
5 8 72 79 40 54 44 5
2 6 13 56 75
2 75 56 13 6
2 27 7 71 74
2 74 71 7 27
6 11 68 64 6 12 24 36 28
6 28 36 24 12 6 64 68 11
2 36 28 73 16
0 38 61
0 61 38
1 25 28 36
1 36 28 25
3 31 9 67 78 62
3 62 78 67 9 31
0 77 64
1 5 24 63
1 63 24 5
5 10 64 6 12 24 36 28
5 28 36 24 12 6 64 10
5 70 32 18 43 77 6 13
4 43 76 79 27 80 60
4 60 80 27 79 76 43
3 50 39 40 19 77
3 77 19 40 39 50
6 33 58 13 12 44 20 65 23
5 4 57 64 33 15 29 69
5 69 29 15 33 64 57 4
0 31 9
0 15 9
8 34 76 52 40 54 44 5 36 28 25
2 36 28 73 21
7 41 45 33 58 13 12 44 20 26
3 2 47 45 48 17
3 17 48 45 47 2
1 61 38 64
1 64 38 61
5 79 52 19 12 75 67 9
2 79 27 80 35
0 71 8
5 62 78 67 9 33 38 61
6 52 40 54 44 5 36 28 25
2 72 79 40 54
5 21 16 42 5 24 75 56
5 56 75 24 5 42 16 21
3 76 52 19 12 24
1 45 33 58
1 58 33 45
1 64 43 59
5 67 63 24 5 42 16 49
2 36 5 44 54
2 54 44 5 36
1 21 73 28
1 28 73 21
2 79 72 8 22
0 44 12
6 38 64 77 76 79 7 71 74
6 74 71 7 79 76 77 64 38
1 20 42 36
1 36 42 20
4 29 66 45 48 17 11
2 76 77 64 10
9 23 65 20 44 12 13 58 33 15 66 47
9 47 66 15 33 58 13 12 44 20 65 23
2 66 45 61 46
2 20 40 19 6
0 21 16
0 61 17
7 25 28 36 5 44 54 40 52 76
7 76 52 40 54 44 5 36 28 25
3 76 59 18 57 11
1 44 24 63
1 63 24 44
7 17 46 10 64 77 19 40 20 65
7 65 20 40 19 77 64 10 46 17
2 10 38 45 15
2 15 45 38 10
4 38 64 77 19 44 5
2 26 50 37 27
2 27 37 50 26
2 31 9 67 78
2 78 67 9 31
6 63 75 56 13 6 64 68 11
4 40 54 44 12 13 58
4 58 13 12 44 54 40
2 20 5 24 62
2 62 24 5 20
1 56 13 6
0 59 76
0 76 59
4 43 77 6 33 15 31
3 43 77 6 13 56
3 56 13 6 77 43
3 48 45 33 9 67
3 67 9 33 45 48
8 51 70 32 18 43 77 6 13 56 75
8 75 56 13 6 77 43 18 32 70 51
4 30 11 17 48 45 47
4 47 45 48 17 11 30
1 57 68 46
6 63 75 56 13 6 77 43 18
1 12 44 20
1 20 44 12
5 54 40 52 76 59 32 70
5 70 32 59 76 52 40 54
4 47 45 38 64 57 4
3 67 9 33 38 61
7 14 31 9 67 63 24 5 20 26
7 26 20 5 24 63 67 9 31 14
1 38 45 66
1 66 45 38
4 39 40 54 44 12 13
8 23 65 20 40 19 77 64 10 46 17
1 40 20 65
1 65 20 40
7 47 66 15 33 6 19 52 76 34
8 72 34 76 52 19 6 33 15 29 14
7 53 25 28 36 24 12 6 77 43
6 40 19 6 33 15 29 69 2
5 9 67 63 24 5 42 16
5 16 42 5 24 63 67 9
8 47 66 15 33 6 19 52 79 7 71
8 71 7 79 52 19 6 33 15 66 47
5 65 20 40 19 77 64 10
1 42 20 39
0 79 40
5 74 71 80 37 50 26 65
5 20 26 50 37 80 71 8
2 10 38 33 9
8 73 42 5 44 19 77 64 38 61 48
5 54 44 12 13 58 33 15
4 16 42 5 24 12 13
2 31 9 67 63
2 63 67 9 31
2 79 39 26 23
9 28 36 5 44 54 40 52 76 34 3 51
9 51 3 34 76 52 40 54 44 5 36 28
0 17 68
0 68 17
3 52 76 59 18 57
3 57 18 59 76 52
1 35 37 50
1 50 37 35
1 79 39 20
2 59 76 52 40
2 58 6 64 10
1 32 70 51
1 51 70 32
3 74 22 8 1 51
4 10 64 6 12 24 36
4 36 24 12 6 64 10
3 60 80 27 79 34
1 35 23 65
1 65 23 35
2 80 7 72 51
3 77 6 33 15 31
1 33 58 75
1 75 58 33
1 5 24 12
1 12 24 5
6 77 6 12 24 36 28 25 53
5 79 76 77 64 38 61 48
6 29 15 33 6 19 52 76 34
6 34 76 52 19 6 33 15 29
5 49 55 65 26 50 37 27
1 5 36 28
1 28 36 5
6 18 43 77 6 33 15 29 14
9 69 29 31 9 67 63 24 5 42 16 49
3 16 73 28 36 62
3 62 36 28 73 16
0 20 26
0 26 20
3 17 48 45 15 31
3 31 15 45 48 17
1 59 32 4
4 15 33 6 77 43 59
4 59 43 77 6 33 15
2 54 19 77 43
2 41 48 61 38
3 70 32 18 43 77
3 77 43 18 32 70
8 49 16 42 5 24 63 67 9 15 66
8 66 15 9 67 63 24 5 42 16 49
9 49 55 65 20 40 19 77 64 38 61 48
0 66 29
4 33 6 19 52 76 34
4 34 76 52 19 6 33
3 55 65 26 50 37
5 13 12 19 52 76 34 72
5 72 34 76 52 19 12 13
4 50 37 80 71 8 1
1 73 16 65
1 63 75 12
5 42 5 24 63 67 9 31
8 74 71 80 37 50 26 65 55 49 21
2 34 76 52 40
2 40 52 76 34
7 31 9 67 63 24 44 54 40 39
7 39 40 54 44 24 63 67 9 31
3 34 79 39 26 23
4 76 52 40 20 65 23
4 51 4 57 64 38 45
6 41 48 61 38 64 57 4 51
6 51 4 57 64 38 61 48 41
1 44 20 26
0 79 76
5 59 76 52 40 54 44 5
3 64 43 59 34 72
3 72 34 59 43 64
3 76 52 19 6 33
3 24 12 6 64 68
3 68 64 6 12 24
5 49 55 65 20 40 19 6
4 31 15 45 48 17 11
4 69 29 15 33 58 56
2 63 24 44 54
0 15 45
0 45 15
6 13 12 19 52 76 34 72 1
7 67 75 12 19 52 76 34 72 8
9 23 65 20 44 12 13 58 33 15 29 69
9 69 29 15 33 58 13 12 44 20 65 23
7 4 57 43 77 6 13 56 75 63
7 63 75 56 13 6 77 43 57 4
6 39 40 19 6 33 15 66 47
6 47 66 15 33 6 19 40 39
5 40 19 6 33 15 29 69
5 69 29 15 33 6 19 40
4 74 71 7 79 52 19
6 73 42 5 44 19 77 43 57
0 42 20
7 41 45 33 58 13 12 44 20 65
7 65 20 44 12 13 58 33 45 41
3 40 19 77 64 10
5 23 26 39 79 34 32 70
5 70 32 34 79 39 26 23
1 52 76 43
6 78 63 75 12 19 52 76 34
2 16 42 5 44
2 44 5 42 16
8 78 63 24 5 20 26 50 37 80 60
2 44 5 42 16
5 68 64 6 13 56 75 67
3 4 70 3 72 71
3 71 72 3 70 4
2 1 8 22 74
2 74 22 8 1
6 70 32 57 64 38 61 48 41
0 62 63
0 63 62
4 11 68 64 77 19 54
4 54 19 77 64 68 11
2 72 3 70 4
8 73 42 5 44 54 40 52 76 59 32
1 68 57 32
0 73 42
0 54 44
1 4 70 3
4 29 15 33 6 19 52
4 52 19 6 33 15 29
2 46 38 33 58
2 58 33 38 46
3 31 15 45 38 10
3 73 42 20 26 50
4 73 16 65 23 35 60
3 21 73 28 36 62
3 62 36 28 73 21
1 52 76 34
5 76 52 19 12 75 63 62
2 7 79 52 19
2 19 52 79 7
2 17 68 57 32
2 32 57 68 17
7 51 3 34 76 52 40 54 44 5
2 15 33 58 75
2 75 58 33 15
3 78 63 24 5 20
1 71 72 34
5 22 8 72 34 76 52 19
2 37 50 26 20
4 77 6 13 56 75 67
8 61 38 64 77 19 44 5 42 16 21
9 69 29 15 33 6 19 52 76 34 72 8
5 49 16 42 5 24 12 13
4 19 44 5 42 16 21
4 21 16 42 5 44 19
0 26 23
1 55 49 21
2 36 24 12 13
5 72 79 39 20 42 73 53
5 76 52 40 54 44 5 42
4 9 33 38 10 68 11
4 11 68 10 38 33 9
1 68 64 6
6 62 63 75 56 13 6 64 10
3 39 79 34 32 4
3 29 15 33 58 75
3 75 58 33 15 29
5 23 26 39 79 34 32 57
5 57 32 34 79 39 26 23
6 14 29 15 33 64 57 32 3
6 29 15 33 6 19 52 76 34
6 34 76 52 19 6 33 15 29
6 42 5 24 63 67 9 31 29
3 46 10 64 6 12
2 50 37 80 71
2 71 80 37 50
4 34 76 52 19 12 56
4 56 12 19 52 76 34
2 43 18 32 70
2 70 32 18 43
2 68 57 32 34
0 42 16
1 27 37 50
1 50 37 27
8 26 20 44 12 13 58 33 15 66 47
8 47 66 15 33 58 13 12 44 20 26
2 56 75 63 78
2 78 63 75 56
0 42 36
2 24 5 42 16
6 44 12 13 58 33 15 29 69
6 69 29 15 33 58 13 12 44
3 50 26 20 42 73
3 73 42 20 26 50
4 22 8 72 34 59 43
4 43 59 34 72 8 22
4 21 16 42 5 44 19
6 55 65 26 50 37 80 71 22
6 41 48 61 38 64 77 19 40
2 77 43 57 4
0 61 17
7 69 29 15 33 58 13 12 44 54
4 32 57 64 38 61 48
4 48 61 38 64 57 32
6 55 16 42 5 24 63 67 9
4 14 31 9 67 78 62
4 62 78 67 9 31 14
0 47 69
0 69 47
5 59 43 64 38 61 48 41
1 57 32 34
2 56 12 44 20
5 23 65 20 44 12 13 58
5 58 13 12 44 20 65 23
0 20 65
0 65 20
6 15 33 58 13 12 44 20 26
6 26 20 44 12 13 58 33 15
6 38 64 77 19 40 20 65 55
6 55 65 20 40 19 77 64 38
2 66 15 9 67
2 67 9 15 66
0 10 46
0 46 10
9 35 37 50 26 20 5 24 63 67 9 31
2 52 76 59 18
4 78 63 24 5 20 26
2 58 6 77 43
5 7 27 39 40 54 44 24
5 24 44 54 40 39 27 7
7 63 75 56 13 6 64 10 46 17
2 16 42 20 39
2 39 20 42 16
0 51 72
0 72 51
7 11 68 64 77 19 44 5 42 73
7 73 42 5 44 19 77 64 68 11
3 1 72 79 40 54
3 54 40 79 72 1
4 68 64 77 19 40 20
1 70 32 34
6 46 10 64 6 12 24 36 28
1 9 67 63
1 63 67 9
6 46 10 64 77 19 40 39 50
6 50 39 40 19 77 64 10 46
0 60 80
0 80 60
7 80 27 79 52 19 6 33 15 31
3 17 48 45 66 29
3 29 66 45 48 17
4 57 32 3 72 71 74
4 74 71 72 3 32 57
7 71 7 27 39 40 54 44 24 63
5 49 55 65 20 40 19 6
5 32 59 76 52 40 20 65
5 65 20 40 52 76 59 32
7 76 52 19 6 33 15 29 69 2
5 8 72 34 76 52 19 6
4 26 50 37 80 71 8
7 60 80 27 79 52 19 6 33 45
6 59 76 52 40 20 65 55 49
3 79 52 19 12 56
2 76 52 40 39
6 38 64 77 19 44 5 42 73
6 73 42 5 44 19 77 64 38
3 8 72 3 32 18
3 18 32 3 72 8
0 72 8
2 80 27 39 40
3 68 64 6 13 56
7 65 20 40 52 76 59 18 57 11
7 71 7 79 52 19 6 33 15 66
6 16 65 26 50 37 80 71 22
6 22 71 80 37 50 26 65 16
5 50 39 79 34 32 57 11
6 55 16 42 5 24 63 67 9
2 17 68 57 32
2 32 57 68 17
6 48 45 33 58 75 24 36 28
3 76 52 19 6 58
3 76 52 40 20 26
4 34 76 52 19 12 24
5 64 77 19 40 20 65 23
4 16 42 20 39 79 72
4 72 79 39 20 42 16
6 31 9 67 63 24 44 54 40
6 40 54 44 24 63 67 9 31
1 79 39 50
8 47 29 31 9 67 63 24 5 42 16
1 60 80 37
3 1 8 71 7 27
3 27 7 71 8 1
3 10 38 45 47 2
6 38 64 77 19 44 5 42 16
1 10 64 6
2 47 29 31 9
1 33 58 75
1 75 58 33
8 66 15 33 6 19 52 79 27 80 60
0 52 19
7 3 34 76 52 40 54 44 5 36
7 36 5 44 54 40 52 76 34 3
4 42 20 39 79 72 51
4 51 72 79 39 20 42
3 59 43 77 6 33
3 10 46 61 48 41
3 41 48 61 46 10
5 24 44 54 40 79 72 8
5 10 68 57 32 3 72 71
5 71 72 3 32 57 68 10
3 23 37 80 71 22
4 59 34 79 39 26 23
3 48 45 66 29 69
3 69 29 66 45 48
4 24 5 20 26 50 37
4 37 50 26 20 5 24
6 4 32 59 76 52 40 20 65
6 65 20 40 52 76 59 32 4
4 42 20 39 79 34 3
3 25 73 42 20 26
3 26 20 42 73 25
2 77 64 68 11
4 6 19 52 79 27 80
4 80 27 79 52 19 6
4 61 38 64 77 19 40
3 35 37 39 40 54
3 54 40 39 37 35
1 10 38 45
1 45 38 10
1 39 40 19
1 5 24 62
1 62 24 5
6 59 43 77 6 33 15 66 47
2 4 57 64 33
2 33 64 57 4
2 20 5 24 63
2 63 24 5 20
7 8 72 34 76 52 19 12 75 67
7 67 75 12 19 52 76 34 72 8
6 3 34 76 52 19 12 75 63
6 63 75 12 19 52 76 34 3
1 24 12 6
0 48 17
1 40 79 72
1 72 79 40
4 75 56 13 6 64 68
2 34 79 27 80
2 80 27 79 34
3 68 10 38 45 15
0 71 22
3 20 39 79 72 1
1 19 6 58
1 58 6 19
4 51 72 79 39 26 23
4 40 19 6 33 15 29
4 21 16 42 5 24 75
4 75 24 5 42 16 21
3 62 24 44 54 40
2 9 31 29 69
2 69 29 31 9
2 59 18 57 11
1 51 3 34
3 49 55 65 26 50
3 50 26 65 55 49
3 50 37 80 71 8
5 42 5 44 54 40 52 76
5 76 52 40 54 44 5 42
1 76 79 27
2 75 58 33 15
5 41 48 61 38 64 57 18
1 68 46 61
2 18 43 77 6
2 70 32 57 68
6 49 55 65 20 39 79 72 1
5 56 13 6 64 68 11 30
5 73 42 5 44 19 77 64
3 50 39 79 72 51
3 51 72 79 39 50
2 75 12 19 52
6 4 57 43 77 6 13 56 75
6 75 56 13 6 77 43 57 4
6 22 71 80 37 50 26 20 5
2 2 69 29 15
2 15 29 69 2
8 1 72 34 76 52 19 6 33 15 29
8 29 15 33 6 19 52 76 34 72 1
7 41 48 61 38 64 77 76 79 27
1 43 59 34
4 44 24 63 67 9 31
3 46 10 64 6 13
3 36 42 65 23 35
5 1 72 79 39 20 42 16
5 16 42 20 39 79 72 1
5 16 42 20 39 79 72 1
6 49 55 65 26 50 37 80 71
6 71 80 37 50 26 65 55 49
3 30 11 17 48 41
3 41 48 17 11 30
2 6 33 15 31
2 31 15 33 6
1 43 18 32
3 2 47 45 61 46
3 46 61 45 47 2
0 26 23
8 2 69 29 31 9 67 78 62 36 28
8 28 36 62 78 67 9 31 29 69 2
8 37 39 40 19 6 33 15 29 69 2
2 8 1 51 30
2 30 51 1 8
4 61 38 64 57 4 51
0 63 24
4 33 58 75 24 36 28
2 37 50 26 20
5 62 78 67 9 31 29 69
5 69 29 31 9 67 78 62
1 68 64 77
1 77 64 68
6 69 29 31 9 67 78 62 36
2 19 40 39 50
2 50 39 40 19
0 28 25
1 80 71 22
6 56 12 19 52 76 34 72 1
5 19 6 33 15 29 69 2
1 24 5 20
3 61 38 64 6 12
3 54 19 77 64 68
3 68 64 77 19 54
6 41 48 61 38 64 43 59 34
7 70 32 59 76 52 40 20 65 55
4 9 67 63 24 44 54
4 54 44 24 63 67 9
5 2 69 29 15 33 6 77
5 77 6 33 15 29 69 2
6 74 71 80 37 50 26 65 16
0 17 61
0 61 17
4 12 44 20 26 50 37
4 37 50 26 20 44 12
4 48 45 33 58 75 63
4 63 75 58 33 45 48
3 6 19 52 79 27
3 27 79 52 19 6
0 39 37
1 48 61 46
2 38 64 57 18
4 47 66 15 33 58 13
3 37 27 79 34 59
3 59 34 79 27 37
3 56 75 24 5 42
4 79 39 20 65 55 49
2 75 12 44 20
2 23 65 42 36
2 36 42 65 23
8 74 71 80 37 50 26 20 42 73 25
7 32 18 43 77 6 13 56 75 67
7 67 75 56 13 6 77 43 18 32
3 40 20 65 55 49
3 49 55 65 20 40
1 79 34 3
2 5 24 63 78
2 78 63 24 5
3 17 46 10 64 43
3 43 64 10 46 17
3 24 5 42 16 55
3 55 16 42 5 24
2 79 39 26 23
7 21 16 42 5 44 19 77 64 68
7 68 64 77 19 44 5 42 16 21
0 40 19
8 32 59 76 52 40 54 44 5 36 28
8 78 63 75 12 19 52 76 34 72 8
7 22 71 80 37 50 26 20 42 28
7 28 42 20 26 50 37 80 71 22
3 56 58 33 45 48
4 47 45 48 17 11 30
0 3 72
0 72 3
3 54 40 39 37 35
1 10 38 45
1 45 38 10
2 35 37 39 40
2 40 39 37 35
0 80 71
3 37 50 26 65 16
2 33 58 13 12
4 71 7 79 76 77 64
1 34 59 43
1 43 59 34
6 51 72 79 39 20 42 73 25
4 61 38 64 57 32 3
4 5 44 19 77 64 10
4 10 64 77 19 44 5
1 42 20 26
9 69 29 31 9 67 63 24 5 42 16 49
6 73 42 5 44 19 77 64 68
2 78 62 36 28
1 59 32 4
8 14 31 9 67 63 24 5 42 16 21
8 21 16 42 5 24 63 67 9 31 14
7 80 27 79 76 77 64 38 61 48
2 60 80 27 79
2 79 27 80 60
1 38 46 17
7 15 33 58 13 12 44 20 65 23
7 23 65 20 44 12 13 58 33 15
4 28 42 20 26 50 37
4 37 50 26 20 42 28
3 6 33 15 29 14
3 14 29 15 33 6
3 79 52 19 12 56
1 70 32 59
5 10 64 77 19 40 20 26
5 26 20 40 19 77 64 10
6 21 16 42 20 39 79 34 3
7 3 34 76 52 19 12 75 67 9
7 9 67 75 12 19 52 76 34 3
9 51 3 34 76 52 40 54 44 5 36 28
2 76 34 72 1
4 36 24 12 6 64 68
4 68 64 6 12 24 36
1 27 80 35
1 35 80 27
5 35 80 27 79 52 19 6
4 34 76 52 19 12 24
8 22 8 72 34 59 43 64 38 61 48
8 48 61 38 64 43 59 34 72 8 22
3 46 61 45 47 2
7 36 5 44 54 40 52 76 34 3
7 47 66 15 33 6 19 52 76 34
2 59 18 57 68
2 68 57 18 59
0 44 20
1 46 10 64
1 64 10 46
8 23 65 20 40 19 77 64 38 61 48
8 48 61 38 64 77 19 40 20 65 23
3 27 37 50 26 20
2 57 4 51 1
2 26 20 44 12
1 20 40 52
1 52 40 20
7 47 66 15 33 58 13 12 44 54
7 54 44 12 13 58 33 15 66 47
5 58 6 19 52 79 27 80
5 80 27 79 52 19 6 58
5 30 11 17 48 45 15 31
5 31 15 45 48 17 11 30
0 79 27
2 64 43 59 34
8 30 11 68 64 6 13 56 75 63 62
8 62 63 75 56 13 6 64 68 11 30
0 19 40
0 40 19
6 2 69 29 31 9 67 78 62
6 62 78 67 9 31 29 69 2
6 59 43 77 6 33 15 66 47
2 78 67 9 33
6 46 68 57 32 3 72 8 22
6 10 64 77 19 44 5 42 73
6 73 42 5 44 19 77 64 10
1 41 45 66
1 66 45 41
3 73 42 5 44 19
3 78 63 75 56 13
2 70 32 59 76
2 76 59 32 70
2 18 59 34 79
2 79 34 59 18
0 27 79
0 79 27
8 30 11 68 64 6 12 24 36 28 25
6 26 20 44 12 13 58 33 45
6 45 33 58 13 12 44 20 26
4 10 64 77 76 79 7
5 27 37 50 26 20 42 28
5 28 42 20 26 50 37 27
6 46 10 64 6 12 24 36 28
3 41 45 33 58 56
3 56 58 33 45 41
5 26 20 40 19 77 64 38
5 38 64 77 19 40 20 26
9 9 67 63 24 44 54 40 39 27 7 71
9 71 7 27 39 40 54 44 24 63 67 9
0 59 18
3 63 75 12 19 52
2 35 60 71 8
2 70 32 57 64
4 52 76 59 18 57 11
8 59 76 52 40 54 44 5 42 16 21
4 10 64 77 19 44 5
0 20 39
0 39 20
2 61 38 64 77
2 77 64 38 61
0 3 70
0 70 3
4 3 32 57 64 38 61
4 61 38 64 57 32 3
9 49 55 65 20 40 19 77 64 38 61 48
5 8 72 3 32 57 68 10
5 10 68 57 32 3 72 8
6 55 16 42 5 24 75 58 33
4 79 52 19 12 75 63
3 56 13 6 64 10
2 32 57 64 38
2 38 64 57 32
3 61 38 33 9 67
3 67 9 33 38 61
5 77 6 33 15 29 69 2
7 50 39 40 19 77 64 38 61 48
3 12 6 64 38 61
3 61 38 64 6 12
9 69 29 31 9 67 63 24 5 42 16 21
5 65 26 50 37 80 71 8
1 11 68 46
1 46 68 11
5 36 62 78 67 9 31 14
2 67 9 33 38
2 26 20 42 36
2 36 42 20 26
6 37 39 40 19 6 33 15 66
6 66 15 33 6 19 40 39 37
2 77 64 68 11
4 50 26 20 44 12 75
4 75 12 44 20 26 50
3 26 20 42 73 25
0 4 57
0 57 4
6 15 9 67 63 24 5 42 16
6 16 42 5 24 63 67 9 15
5 75 56 13 6 64 68 11
3 17 46 10 64 77
3 77 64 10 46 17
5 59 43 77 6 33 15 29
2 57 32 34 79
2 79 34 32 57
